<?xml version="1.0" encoding="utf-8"?>
<opencv_storage>
   <biases_conv1 type_id="opencv-matrix">
      <rows>64</rows>
      <cols>1</cols>
      <dt>f</dt>
      <data>0.185678 0.002784 0.010338 -0.025847 -0.016793 -0.069320 -0.932693 0.046233 0.086447 -0.026365 0.047532 -0.000133 -0.000055 0.114479 0.028172 -0.000042 0.011399 0.062880 -0.000011 -0.136049 0.016316 0.069599 -0.000041 -0.015815 0.030185 -0.000017 -0.002814 -0.193039 -0.008464 -0.021302 -0.107223 0.047148 0.038379 0.097934 0.048657 -0.014720 -0.042709 0.010981 -0.000078 0.167939 -0.033595 0.086130 0.008618 -0.000038 -0.000033 -0.038943 -0.014488 -0.000037 0.050279 -0.015634 0.002560 0.187957 -0.000087 0.002702 0.107380 -0.020935 0.019515 0.163321 -0.183491 0.005473 0.079547 -0.003291 0.081645 -0.054377 </data>
   </biases_conv1>
</opencv_storage>