<?xml version="1.0" encoding="utf-8"?>
<opencv_storage>
   <biases_conv2 type_id="opencv-matrix">
      <rows>32</rows>
      <cols>1</cols>
      <dt>f</dt>
      <data>-0.023802 0.005587 0.011352 0.000049 -0.047174 -0.078386 -0.020460 0.005408 0.006489 0.056366 -0.002795 -0.000427 -0.092515 -0.011765 0.005780 -0.072504 -0.006261 -0.004278 -0.109538 0.007626 0.049999 0.000377 -0.069004 -0.048220 -0.003904 0.000137 0.005935 0.127771 0.010337 -0.019885 0.077414 0.010606 </data>
   </biases_conv2>
</opencv_storage>