<?xml version="1.0" encoding="utf-8"?>
<opencv_storage>
   <weights_conv2_5 type_id="opencv-matrix">
      <rows>64</rows>
      <cols>25</cols>
      <dt>f</dt>
      <data>-0.057281 -0.034472 -0.019619 -0.057519 -0.028892 -0.033646 0.034681 0.066936 -0.000038 -0.048951 -0.026021 0.057004 0.067022 -0.017325 -0.061304 -0.012731 0.013890 0.042871 0.016931 -0.001744 -0.027384 -0.058511 -0.030578 0.027683 -0.004219 0.046030 0.007684 0.027031 0.064828 0.081658 0.034049 -0.007419 0.000564 0.004294 0.077987 0.013700 0.052672 0.098740 0.003690 0.033493 0.030458 0.052487 0.060322 0.002587 0.037258 -0.006124 -0.001267 0.005170 0.045541 0.073485 0.015910 -0.049180 -0.049672 0.052845 -0.030578 -0.048576 -0.032254 0.001422 0.072424 0.095086 -0.119444 0.018330 -0.278580 0.145107 0.161215 -0.053532 0.029572 -0.147784 0.047343 0.201404 -0.015338 -0.015505 -0.046550 0.095300 0.008925 0.016344 0.029718 0.025137 0.043502 0.041800 0.045926 0.049111 -0.030896 -0.000987 0.016236 0.037959 -0.005942 -0.086119 0.006564 0.003694 0.034603 0.013607 -0.012847 0.066518 0.022853 0.022687 0.024571 -0.016478 -0.002050 -0.018015 -0.075858 0.007761 0.024675 -0.019962 -0.045453 -0.039331 0.043050 -0.030543 -0.003075 -0.006850 0.067626 0.137343 0.141724 -0.047714 0.022315 0.097221 0.110849 0.125490 0.023872 0.001010 -0.113914 -0.053199 -0.010541 0.033870 -0.025276 0.003876 -0.057079 -0.151209 -0.116864 -0.105493 0.039094 -0.123884 -0.032310 -0.115695 -0.141931 -0.068532 -0.016585 0.179903 -0.023249 -0.198450 -0.006644 -0.029200 0.078358 -0.053576 -0.063097 0.000282 -0.074972 -0.080061 -0.007425 -0.040571 0.159700 -0.219651 -1.031563 -0.641769 0.219520 0.189204 -0.072012 -0.953181 -0.386167 0.362369 0.073436 0.138916 0.226054 0.155399 0.079960 0.024324 0.027893 -0.048623 0.017537 0.009818 0.077650 0.101917 0.028085 0.122830 0.118561 -0.020788 -0.024489 -0.043403 -0.014689 0.023899 -0.022865 -0.004507 0.010213 -0.018859 0.009780 -0.050469 0.033269 0.122381 0.014279 -0.033869 -0.018639 0.011233 0.048594 0.018488 0.011135 -0.012033 -0.033370 -0.051341 0.002352 0.026288 0.046170 -0.084747 -0.010446 -0.000261 -0.040348 0.054797 -0.059844 -0.067415 -0.040241 -0.074710 0.005980 -0.025490 -0.100067 -0.134366 -0.056181 0.007083 0.025017 0.097554 0.095055 0.061644 0.022291 0.001926 0.066053 0.083583 0.052109 0.008505 -0.011204 0.013186 0.011119 0.033549 0.021590 -0.003698 0.055498 -0.040574 0.014480 -0.023466 0.033406 0.201733 0.008375 -0.032541 0.051041 0.060723 0.140177 0.051220 0.047798 0.033423 -0.008892 -0.010236 0.010256 0.023002 0.022378 0.021758 0.021171 0.023683 0.016404 0.025099 0.030761 0.029289 0.029384 0.012792 -0.010812 -0.036153 -0.052182 -0.031835 -0.019733 -0.027373 -0.032011 -0.028398 -0.008574 -0.015793 0.019066 0.020752 0.020513 0.030200 0.016294 -0.000899 0.000506 -0.000852 0.000822 -0.000772 -0.000288 0.000545 -0.000298 -0.000462 0.000002 0.001953 -0.001477 -0.001765 -0.001600 0.000851 -0.000858 0.000664 0.000903 0.000187 0.000618 0.000130 -0.001790 -0.001268 -0.000988 -0.000682 -0.000324 0.000801 0.000535 -0.000146 -0.000687 -0.000304 0.000571 -0.000977 -0.000096 -0.000156 -0.000336 -0.001107 -0.001006 0.000366 0.001543 0.000274 -0.000422 0.000313 -0.000333 -0.000855 -0.000556 -0.001203 0.000676 0.000883 0.001366 -0.036807 -0.025303 -0.030671 -0.013025 0.000551 -0.019866 0.022978 0.014436 0.008939 0.008226 -0.018334 0.032450 0.021199 -0.003521 -0.020108 -0.028444 0.003252 0.007073 -0.000458 -0.003921 -0.025394 -0.009032 -0.011163 -0.000554 0.000433 0.017582 0.019989 0.007729 0.000418 -0.009763 0.012293 0.024677 0.024173 0.010306 -0.015507 -0.005987 0.001398 0.012281 0.005790 -0.023543 -0.007769 -0.011841 0.000383 0.009992 -0.011213 -0.009047 -0.012598 -0.012289 -0.000304 -0.008260 0.000187 -0.000527 0.002092 0.000266 0.000731 0.000526 0.001287 -0.000166 -0.000722 0.002361 -0.000957 -0.000038 -0.000144 0.000459 -0.001221 0.001178 0.000593 -0.000100 -0.000272 -0.000705 -0.001941 0.001586 0.000337 0.000250 -0.001769 -0.036450 -0.014866 -0.022892 0.008059 0.007762 -0.005364 0.008017 0.009637 0.005770 0.005419 -0.039212 0.014209 0.047416 0.019406 -0.010401 -0.032427 0.011339 0.037595 0.005593 -0.010709 -0.023164 -0.000164 0.003422 -0.025010 -0.007597 -0.063694 -0.142053 0.054576 0.049520 -0.031678 -0.176939 0.044981 0.046900 0.007986 -0.011074 -0.056697 0.078493 0.138672 0.064258 -0.110726 -0.044123 -0.032770 0.032593 0.012134 -0.032900 -0.014584 -0.083464 0.000446 0.090027 0.004142 -0.001094 -0.001389 -0.000608 0.000203 0.001168 0.001523 -0.000615 0.000164 -0.000302 0.000720 0.001635 -0.001608 0.000055 -0.000074 -0.001743 -0.000004 -0.001243 0.001876 0.001035 0.001210 0.000886 0.001540 0.000958 -0.001101 -0.000343 0.042113 -0.005945 -0.029014 -0.004209 0.032198 0.030161 0.016022 0.045501 0.002156 0.008668 0.007845 0.032827 0.118062 0.030350 -0.032111 0.022701 0.005056 0.026349 0.007630 0.002231 0.053996 0.018540 0.003594 0.023449 0.050340 0.010537 -0.040679 0.009473 -0.024005 0.037648 0.021609 -0.032157 -0.034411 -0.070578 -0.001087 0.039149 -0.032080 -0.054804 -0.082441 0.026728 0.056644 -0.043359 -0.064128 -0.052838 0.061986 0.027699 -0.073683 -0.068727 -0.000782 0.088826 0.010832 0.019224 -0.080336 -0.050482 -0.000054 -0.026658 0.010039 0.137253 -0.062377 0.001278 -0.051797 -0.081086 -0.018105 -0.038995 -0.023195 0.040923 0.029132 0.057755 0.008164 0.003672 0.087942 0.071043 0.012637 0.070203 0.002454 0.000030 -0.001186 -0.001282 -0.001494 0.000454 0.000493 -0.000282 0.002072 -0.001071 -0.000778 0.000851 0.000575 0.001700 0.000003 -0.002267 -0.001710 0.002098 -0.001346 0.002012 -0.001419 0.000188 0.000196 0.000813 0.000145 0.001468 0.001165 -0.006153 -0.009274 -0.008023 -0.006719 0.001749 -0.006510 -0.010597 -0.009169 -0.008976 0.004947 -0.004749 -0.010526 -0.007956 -0.011030 0.003691 -0.003552 -0.012859 -0.011130 -0.011142 0.003939 -0.005687 -0.011715 -0.012625 -0.011510 -0.066583 -0.001730 -0.012889 -0.063908 -0.026724 -0.036268 0.013709 0.004477 -0.029790 -0.007081 0.012153 0.024325 0.005721 0.006765 0.018949 -0.041920 -0.050468 -0.028190 -0.033182 -0.030580 -0.032382 -0.024329 0.051194 0.005148 -0.056315 0.000298 -0.000049 -0.000888 0.000623 -0.000514 0.000154 -0.001151 0.000810 -0.000430 -0.001136 0.000494 0.000610 0.001449 -0.000312 0.001256 0.000929 0.000118 0.000585 0.002004 -0.000636 -0.002003 0.000497 -0.000169 -0.000175 0.001860 0.024511 0.001599 -0.022192 -0.031766 -0.000268 -0.003803 0.002634 0.026648 -0.039894 -0.014948 -0.023812 0.039848 0.130713 0.007210 -0.035372 0.012317 0.025694 0.064654 0.031435 0.020122 0.018519 -0.015844 -0.013577 0.019750 0.003741 0.078890 0.240623 0.217923 0.089489 0.031590 0.060937 -0.028374 -0.010681 0.125260 0.077995 -0.100864 -0.040221 -0.082878 -0.010492 0.187763 -0.148637 0.022841 -0.016377 -0.072942 0.212579 -0.099897 -0.097964 -0.102753 -0.007854 0.120024 -0.028382 0.008005 0.101621 0.084198 0.083912 0.089857 0.054776 0.054757 0.138415 0.102765 0.108710 0.012302 -0.150084 -0.035069 0.135899 0.074426 -0.009326 -0.066589 0.075035 0.167230 0.045061 0.033877 0.120450 0.083639 0.165199 0.020862 0.029964 0.042048 0.013171 -0.010816 -0.024635 0.015448 0.035252 -0.011767 0.010518 -0.032682 0.023206 0.055393 -0.006374 0.023959 -0.028650 -0.002296 0.027438 -0.026071 -0.024043 0.001336 -0.001893 0.027673 -0.028698 -0.046110 0.058044 0.093763 -0.080190 0.012804 0.014786 0.138562 -0.182158 -0.275309 -0.207546 0.044046 -0.059769 -0.317941 0.001997 -0.321513 -0.095041 0.060599 -0.219774 -0.266878 -0.182803 0.100552 0.087301 -0.003845 -0.103529 0.105868 0.078142 0.175454 0.017464 -0.060551 -0.071144 0.003795 -0.006344 0.124531 -0.079841 -0.059902 -0.004534 -0.105314 0.237119 -0.093974 -0.043025 -0.025366 0.174154 0.093430 -0.089001 -0.055783 -0.039835 -0.011466 -0.019342 -0.003914 -0.010570 0.032779 -0.044817 0.138476 0.055516 0.003102 0.012524 0.058737 0.036257 -0.001874 -0.072047 0.053872 0.120263 0.014223 -0.068034 0.131833 -0.015337 0.040436 0.097975 0.297425 0.158927 -0.108116 -0.110119 -0.043844 -0.041636 -0.161652 -0.060968 