<?xml version="1.0" encoding="utf-8"?>
<opencv_storage>
   <weights_conv2_20 type_id="opencv-matrix">
      <rows>64</rows>
      <cols>25</cols>
      <dt>f</dt>
      <data>-0.031184 -0.036352 -0.035771 -0.033565 -0.034281 -0.022950 -0.023301 -0.010936 -0.011394 -0.023032 -0.019200 -0.013930 -0.010395 -0.009419 -0.016891 -0.017704 -0.011295 -0.016467 -0.017596 -0.017775 -0.018199 -0.012276 -0.010324 -0.016750 -0.024699 -0.003644 -0.002355 -0.003814 0.012665 0.015705 -0.009734 -0.000269 0.010399 0.017108 0.008935 -0.016214 0.010594 0.040206 0.019321 0.001028 -0.007391 0.006397 0.015882 0.008816 0.006544 -0.011501 -0.015512 -0.022694 -0.005371 -0.001252 -0.023135 0.007397 -0.009350 -0.007424 0.000055 -0.040455 0.018557 -0.010406 -0.047341 -0.018544 -0.028420 0.061328 0.021577 -0.049364 -0.029350 -0.023247 0.056512 0.013056 -0.035747 -0.018951 -0.019803 0.024810 -0.020482 -0.029095 -0.010830 0.014246 0.025313 0.021591 0.050434 0.036446 0.046922 0.017480 -0.053374 -0.011748 0.005293 0.044272 -0.023846 -0.086465 0.005413 0.015087 0.048200 0.000534 -0.013929 0.065176 0.043776 0.030286 0.016821 -0.006550 0.018809 0.005962 0.004204 0.005430 -0.006376 -0.007720 0.021508 0.013519 0.016241 -0.000978 -0.015003 0.027120 0.024385 0.035304 0.025511 -0.003348 0.036189 -0.000788 -0.007997 -0.001823 -0.014824 0.015736 0.004035 -0.005999 0.001302 -0.000630 0.018529 -0.007572 -0.007579 -0.029159 -0.007079 -0.010230 0.002304 0.010055 0.015762 0.001202 -0.017595 -0.014900 0.030003 0.071571 0.017775 -0.029792 0.002070 0.023804 0.035608 0.017200 -0.003273 0.001336 -0.006230 -0.026950 -0.007640 -0.001583 0.019171 -0.013390 -0.146646 -0.058757 0.039648 0.055654 0.059995 -0.146920 -0.005553 0.072767 0.040914 0.081401 0.040611 0.088240 0.054812 -0.009539 -0.015158 -0.030910 -0.030480 0.013303 -0.000238 0.007227 0.008051 0.002388 0.038026 -0.020737 -0.017528 -0.024823 -0.011992 -0.011290 -0.020859 -0.009134 -0.000265 -0.003595 -0.015573 -0.024313 0.005200 0.031030 0.007247 -0.017769 -0.017892 -0.003995 0.003817 -0.002597 -0.012483 -0.020695 -0.025071 -0.037160 -0.025385 -0.019104 0.004950 0.007440 0.008125 0.008790 0.006420 -0.000873 0.002789 -0.000573 -0.002216 0.001504 -0.003774 -0.008745 -0.012871 -0.010986 -0.012046 0.006477 0.003863 0.004855 0.006478 0.001416 0.006156 0.009890 0.016794 0.016324 0.011668 -0.022145 -0.024046 -0.040059 -0.020492 -0.018649 -0.016117 -0.003930 0.002017 -0.005220 -0.016386 -0.026337 0.012748 0.053154 0.014550 -0.019814 -0.008085 0.008498 0.019854 0.013549 0.007321 -0.013024 -0.016552 -0.030135 -0.010557 -0.001275 0.028481 0.024143 0.030618 0.034823 0.020005 0.013050 0.002372 0.006335 0.013394 0.005947 -0.009414 -0.033380 -0.026658 -0.011587 -0.011837 0.001605 -0.013944 -0.004944 0.017413 0.010539 0.023077 0.019870 0.023688 0.035736 0.018726 -0.000088 -0.000948 0.001858 0.000254 0.000060 -0.000303 0.001143 -0.000313 0.002646 -0.000161 0.001587 -0.001135 -0.000604 0.001347 0.000136 -0.000844 0.001339 0.001248 0.002309 -0.000177 -0.000006 -0.001038 -0.001287 -0.000249 -0.000147 -0.000353 0.001819 0.000062 0.000088 -0.000917 0.000146 0.001385 -0.001122 0.002716 -0.000159 -0.000979 -0.000933 0.001873 -0.000239 -0.000515 0.000130 -0.001003 0.000957 0.003255 0.000303 -0.001398 0.000521 0.000132 0.002433 0.000312 -0.015077 -0.013460 -0.013579 -0.014446 -0.012193 -0.009957 -0.007329 -0.008095 -0.009084 -0.010785 -0.012444 -0.007191 -0.003337 -0.006076 -0.007664 -0.015370 -0.010772 -0.009594 -0.008830 -0.010850 -0.014552 -0.014138 -0.013902 -0.011510 -0.015419 -0.003486 -0.006885 -0.008038 -0.004854 -0.006747 -0.001751 -0.001506 -0.004502 -0.003500 -0.003575 -0.002393 -0.002201 -0.001442 -0.002674 -0.001687 -0.004115 -0.005262 -0.002781 -0.000673 -0.002791 -0.005052 -0.004165 -0.005257 -0.000409 -0.002834 0.000701 0.002084 -0.002108 -0.000064 -0.000918 0.000133 -0.000952 0.000374 0.001145 0.000349 0.001093 -0.000427 0.000031 -0.000145 -0.000881 -0.001658 0.000200 -0.001331 -0.001447 0.000778 0.000862 -0.001065 -0.000416 -0.000005 0.000474 -0.008668 -0.007976 -0.013937 -0.016300 -0.018333 -0.005958 -0.002334 -0.010217 -0.013310 -0.015027 -0.007409 -0.004998 0.001796 -0.005142 -0.013894 -0.014669 -0.009284 -0.005275 -0.008081 -0.011977 -0.014799 -0.012730 -0.013664 -0.013765 -0.012692 -0.015814 -0.017408 -0.015398 -0.008491 0.000083 -0.015236 -0.015196 -0.006905 0.003880 0.003178 -0.016329 -0.010797 -0.000634 0.006275 0.002510 -0.014231 -0.005189 -0.003561 -0.001334 -0.000025 -0.010012 -0.007240 -0.010170 -0.008377 -0.006253 0.000512 0.000256 0.000444 0.001376 0.000599 0.000884 0.001023 -0.000939 0.000592 0.000972 0.000397 0.000733 -0.000411 0.000242 -0.000048 -0.001157 -0.001772 0.000845 -0.001518 -0.001727 -0.000884 -0.000388 -0.000131 0.001070 -0.000928 0.018527 0.002857 -0.015021 -0.001387 -0.001091 0.034629 -0.002120 -0.002372 -0.018828 0.005036 0.032704 -0.003317 0.038529 -0.020617 -0.015582 0.027543 -0.025072 -0.029559 -0.031428 -0.005946 0.023482 0.026169 0.027593 0.030087 0.022598 0.000182 0.000743 0.000521 -0.000167 -0.000450 -0.001349 0.000862 0.001625 -0.000939 -0.000464 0.000208 0.000685 -0.000509 -0.001558 0.000969 0.000706 -0.000631 0.000411 0.002424 -0.000339 0.000936 0.000065 0.000479 -0.000958 -0.001187 -0.025613 -0.024545 -0.022927 -0.017821 -0.019038 -0.021345 -0.019533 -0.010166 -0.003803 -0.010207 -0.018012 -0.012535 -0.007264 -0.004752 -0.008174 -0.016490 -0.007068 -0.006004 -0.009933 -0.012759 -0.011965 -0.009190 -0.006491 -0.008407 -0.016200 0.000552 -0.001792 -0.000052 0.000405 0.000534 -0.000273 0.001408 0.001178 -0.001420 -0.000721 -0.001880 -0.000771 -0.002131 0.001669 -0.001199 0.000079 -0.001373 0.001353 0.000052 0.000019 0.000783 0.000226 0.000033 0.000863 0.000049 -0.000886 0.001004 -0.001550 0.000254 0.001617 -0.000110 0.000148 -0.001457 -0.000425 -0.000316 -0.000420 -0.000228 -0.001651 -0.000412 -0.000760 0.000688 0.000715 -0.001185 -0.000817 0.000644 -0.001887 0.001638 -0.000804 -0.000662 -0.000434 -0.004964 -0.002630 0.005810 0.003518 -0.006876 -0.001405 -0.002666 -0.000888 -0.000011 -0.005412 0.002264 -0.002287 -0.010139 -0.009208 -0.008675 -0.004024 -0.002004 -0.008569 -0.016660 -0.019806 -0.010673 -0.007611 -0.006640 -0.012623 -0.018592 0.000070 -0.000003 0.000363 -0.000040 0.001135 0.001144 -0.000901 0.000865 -0.001260 0.000481 -0.000299 -0.000484 -0.001050 -0.001188 0.001403 0.000322 -0.001103 -0.000255 0.000242 0.000092 0.000194 0.000086 -0.000730 -0.001066 -0.000934 -0.009070 -0.013007 -0.022176 -0.008905 -0.008831 -0.011769 -0.005534 -0.000118 -0.005086 -0.014090 -0.016733 0.006973 0.028759 0.003840 -0.015243 -0.002544 0.000711 0.003735 -0.001743 -0.003719 -0.009639 -0.014906 -0.028025 -0.018548 -0.015504 0.040601 0.110111 0.094542 0.021196 -0.003513 -0.008966 -0.036033 -0.015981 0.000356 0.000380 -0.049525 -0.046001 -0.048155 -0.038060 0.059330 -0.053884 0.006007 -0.017362 -0.046725 0.086717 -0.045968 -0.059446 -0.048803 -0.017430 0.041871 -0.007738 -0.044188 -0.017599 0.031919 0.038182 -0.000717 0.001773 -0.023735 0.019725 0.052337 0.035326 0.021831 -0.095180 -0.009179 0.058430 0.044670 -0.004911 -0.093455 0.019523 0.056266 0.034649 0.006586 -0.016632 0.029898 0.016921 -0.000601 -0.005216 -0.010680 -0.008208 -0.012748 -0.003168 0.003593 -0.000968 -0.010275 -0.016223 -0.003963 0.005299 0.008347 -0.006194 -0.012222 -0.004477 -0.006482 -0.002965 -0.002323 -0.005498 -0.010080 -0.013847 -0.011842 -0.006667 -0.006192 -0.015527 -0.036099 -0.059168 -0.022804 -0.018230 0.004430 -0.050151 -0.002862 -0.032753 -0.023415 -0.026202 -0.016943 0.123089 0.008694 -0.037789 -0.034324 -0.094918 -0.032583 -0.059782 -0.036888 -0.022853 -0.047250 -0.054947 -0.011004 -0.010064 -0.009883 0.016721 -0.005090 -0.003550 -0.006507 -0.007775 0.062474 -0.017688 -0.017111 0.019541 -0.000989 0.084817 -0.039420 -0.037926 0.027679 -0.002884 0.064363 -0.032146 -0.032263 0.006468 -0.005562 0.042748 0.010529 -0.003476 -0.009445 -0.022498 -0.032504 -0.038095 -0.018017 -0.005247 -0.035772 -0.046784 -0.037570 -0.032378 -0.022350 -0.003060 0.003250 