<?xml version="1.0" encoding="utf-8"?>
<opencv_storage>
   <weights_conv2_26 type_id="opencv-matrix">
      <rows>64</rows>
      <cols>25</cols>
      <dt>f</dt>
      <data>-0.024688 -0.021047 -0.014356 -0.018100 -0.023087 -0.024509 -0.014136 0.000767 -0.005280 -0.017560 -0.017670 -0.006577 -0.000948 -0.006247 -0.014567 -0.012141 -0.006067 -0.006836 -0.014012 -0.011536 -0.013710 -0.009013 -0.008979 -0.014134 -0.010509 -0.004148 -0.015698 -0.018876 -0.000886 0.005908 -0.012472 0.002613 0.013884 0.012517 0.000986 -0.020607 0.020903 0.050143 0.018625 -0.010696 -0.011217 0.011204 0.018194 0.005840 -0.004130 -0.005080 -0.012555 -0.023842 -0.013839 -0.000714 -0.014706 0.001835 -0.005761 -0.009886 0.004840 -0.021729 0.006358 0.002939 -0.020713 -0.006382 -0.021371 0.022333 0.023219 -0.022476 -0.016737 -0.018156 0.022598 0.013331 -0.026152 -0.009442 -0.016327 0.011445 -0.000199 -0.015772 0.001643 0.036048 0.044386 0.027377 0.056297 0.041628 0.070516 0.048504 -0.043945 -0.002518 0.008675 0.060518 -0.008955 -0.093870 0.007050 0.007352 0.063676 0.019961 -0.011201 0.072558 0.039252 0.046993 0.029462 -0.014683 0.008509 -0.013321 0.003040 0.001688 0.002509 0.004469 0.002250 0.001559 0.001043 -0.001889 -0.000348 0.002350 -0.000775 0.003914 0.005376 -0.002713 -0.000771 -0.001093 -0.000210 0.001213 -0.000636 -0.001520 -0.002648 -0.006153 -0.004238 -0.002435 -0.002963 -0.002453 -0.028278 -0.045036 -0.017723 -0.007092 -0.021282 0.003785 0.029526 0.005987 -0.022497 -0.037412 0.036432 0.098277 0.028739 -0.044153 -0.010988 0.021077 0.042266 0.010460 -0.020229 -0.003430 -0.015419 -0.036279 -0.022882 -0.007761 -0.005073 -0.041945 -0.106543 -0.054898 -0.017121 0.050200 0.011127 -0.088480 -0.000027 0.054263 0.044130 0.036673 -0.020338 0.055129 0.070171 -0.011326 -0.024317 -0.060491 -0.018943 -0.002260 0.021424 0.005142 -0.017957 0.011638 0.032435 -0.015744 -0.024855 -0.027225 -0.014661 -0.011532 -0.025900 -0.005085 0.013467 0.001831 -0.017670 -0.031600 0.009958 0.048384 0.011779 -0.026173 -0.021924 -0.000800 0.011915 -0.003646 -0.015441 -0.020806 -0.024835 -0.034813 -0.028220 -0.012583 0.007125 0.011229 0.011820 0.010678 0.009253 0.003130 0.004672 0.000693 0.002042 0.005605 -0.004375 -0.010194 -0.009989 -0.009206 -0.009923 0.003239 -0.000034 0.004111 0.005046 -0.000236 0.008558 0.014031 0.020133 0.020585 0.013263 -0.015861 -0.033855 -0.043109 -0.020471 -0.011240 -0.030112 -0.000982 0.026818 0.003257 -0.021407 -0.037512 0.027771 0.081444 0.026036 -0.033613 -0.019887 0.010399 0.032507 0.009515 -0.012988 -0.011319 -0.019182 -0.033644 -0.020354 -0.000394 0.031460 0.029110 0.033147 0.036137 0.019493 0.013854 0.000159 0.003437 0.010127 -0.002363 -0.005441 -0.031766 -0.029366 -0.012756 -0.017217 0.012488 -0.009689 -0.004470 0.022785 0.016253 0.034842 0.029649 0.032296 0.042144 0.026249 -0.000073 0.000748 0.001479 0.000896 0.000253 0.000301 -0.001289 -0.000070 -0.001044 -0.001799 -0.002413 0.000016 0.001014 0.000200 -0.000528 0.000638 -0.000755 0.001252 -0.000737 0.001012 0.000617 -0.000216 -0.000994 -0.001403 0.001733 0.000255 0.000409 -0.002074 -0.000360 -0.000246 0.000470 -0.001568 0.000376 -0.000002 -0.000885 -0.000574 0.000634 0.002344 0.001163 -0.000900 -0.000874 -0.001079 -0.000358 0.001622 0.000642 0.001504 -0.000140 -0.000997 -0.001391 -0.001363 -0.009824 -0.009535 -0.006875 -0.006616 -0.007436 -0.006895 -0.005421 -0.004436 -0.005705 -0.008035 -0.008863 -0.004221 0.000268 -0.003788 -0.004616 -0.011876 -0.006291 -0.005002 -0.005103 -0.006208 -0.013120 -0.011645 -0.008463 -0.008854 -0.009686 -0.003745 -0.004038 -0.002436 -0.002836 -0.002522 -0.003043 -0.002422 -0.002715 -0.001469 -0.003291 -0.002732 -0.000849 -0.000420 -0.000322 -0.003018 -0.002986 -0.003429 -0.001375 -0.000268 -0.001229 -0.003345 -0.005338 -0.002587 -0.002720 -0.002081 -0.000684 -0.001870 -0.000127 -0.000367 0.003331 -0.000078 -0.001410 -0.001627 -0.001025 0.000216 -0.001445 -0.002585 0.001211 0.002908 0.000082 0.000323 0.000835 0.001142 -0.000875 -0.000240 0.000378 -0.000101 0.000012 0.000836 0.002008 -0.003167 -0.005723 -0.008965 -0.010208 -0.010041 -0.004008 -0.000747 -0.002820 -0.006335 -0.010496 -0.009318 -0.002998 0.008980 -0.000593 -0.008625 -0.009615 -0.006444 0.001810 -0.002524 -0.009585 -0.014835 -0.013204 -0.010333 -0.011471 -0.008652 -0.014224 -0.012082 -0.009014 -0.004401 0.000053 -0.015791 -0.007976 -0.001957 0.003824 0.000854 -0.015994 -0.005339 0.002688 0.004808 -0.001556 -0.013616 -0.003546 -0.001948 -0.002637 -0.002818 -0.010801 -0.007190 -0.008582 -0.006557 -0.002153 -0.000162 0.001618 -0.000478 -0.000436 0.000866 0.001568 -0.000107 -0.001220 -0.000493 0.001183 0.000076 -0.000235 -0.000049 0.001653 0.001407 0.000127 0.000681 0.000173 0.000683 -0.000033 0.000387 -0.000307 -0.001217 -0.000372 -0.000369 0.001317 -0.013159 -0.021960 -0.010071 0.001975 -0.010430 -0.003345 0.009113 -0.010569 -0.010630 -0.017502 0.012845 0.040618 0.001962 -0.021991 -0.005125 0.002208 0.009942 -0.007338 -0.007891 0.004243 -0.007382 -0.021264 -0.016207 0.000409 -0.000726 0.001182 -0.001284 -0.000044 0.000003 0.000549 0.000901 -0.001313 -0.000982 -0.000389 -0.001456 -0.001049 -0.000272 -0.001860 -0.001307 -0.000833 -0.002232 0.000459 -0.000595 -0.001822 -0.001746 -0.001547 0.000672 -0.001901 0.000057 -0.022386 -0.014735 -0.010658 -0.007814 -0.010452 -0.021612 -0.012638 -0.002878 -0.002117 -0.009259 -0.017544 -0.006249 -0.002813 -0.002900 -0.008025 -0.015024 -0.003876 -0.003501 -0.007676 -0.008698 -0.010311 -0.005541 -0.001888 -0.005738 -0.008967 0.000392 -0.001293 -0.001654 -0.000987 -0.000056 -0.001514 0.000951 -0.000888 -0.000591 0.000993 -0.001591 0.000018 0.000002 -0.000595 0.000270 0.001476 -0.000958 0.000167 0.000279 0.000333 -0.001057 -0.000268 0.001734 -0.001572 -0.000080 0.001036 -0.001136 0.001463 0.000773 -0.000745 -0.000461 0.001800 0.001000 0.000619 -0.002551 0.001441 -0.001966 0.001038 -0.000840 -0.000232 -0.002644 0.000609 0.000263 -0.000126 -0.000229 0.000869 -0.002471 -0.000427 0.000172 0.001113 -0.009084 -0.002935 0.004192 0.000804 -0.006044 -0.006775 -0.005729 0.000677 0.002546 -0.003904 -0.002826 -0.001709 -0.002452 -0.002993 -0.006231 -0.005145 -0.003628 -0.001329 -0.009077 -0.010644 -0.009190 -0.002594 -0.001920 -0.006406 -0.014228 -0.000049 0.000516 0.001072 0.000146 0.000584 -0.000575 -0.000357 -0.000804 0.000277 0.000763 0.001044 -0.000327 -0.000836 -0.000339 0.001500 -0.000072 0.000928 -0.000205 -0.000859 -0.000377 0.001536 0.000080 0.000099 -0.001840 -0.000048 -0.008889 -0.018237 -0.022324 -0.012623 -0.008059 -0.021007 -0.001871 0.017059 0.002141 -0.013078 -0.021355 0.015425 0.043190 0.011445 -0.021786 -0.008089 0.004549 0.010124 -0.003783 -0.007565 -0.008038 -0.019047 -0.029195 -0.022981 -0.010362 0.027780 0.057671 0.062446 0.023831 0.010034 -0.016655 -0.021136 -0.009617 0.003086 0.016150 -0.041584 -0.029845 -0.028958 -0.027848 0.029491 -0.032609 -0.004499 -0.014253 -0.029870 0.039168 -0.033637 -0.041513 -0.040879 -0.024840 0.024369 -0.002532 -0.000667 -0.000701 -0.002550 0.001644 0.003644 0.005839 -0.002980 -0.001522 0.003743 0.008382 0.002720 -0.009027 -0.002014 0.006204 0.006039 -0.005926 -0.012231 0.000300 0.006656 0.003140 -0.004994 -0.004252 0.005350 0.004413 -0.003947 -0.008561 -0.008012 -0.006545 -0.007997 -0.007142 0.003247 0.007089 -0.004975 -0.013079 -0.006972 0.009517 0.017193 0.001734 -0.013056 -0.007194 -0.002176 0.000824 -0.001271 -0.007147 -0.009366 -0.014163 -0.010944 -0.008735 -0.005997 -0.008880 -0.042116 -0.058649 -0.019651 0.001669 -0.035360 -0.013708 0.028908 0.000869 -0.028873 -0.064063 0.027781 0.114986 0.030987 -0.059253 -0.031788 -0.002945 0.030749 -0.002149 -0.027717 -0.011811 -0.033626 -0.063677 -0.034993 -0.002030 -0.003601 0.011909 -0.021513 -0.011655 0.005225 -0.001017 0.021734 -0.027316 -0.011879 0.019276 -0.002600 0.026634 -0.039290 -0.025108 0.017925 -0.010169 0.018863 -0.031905 -0.023788 0.011098 -0.011250 0.005431 -0.012677 -0.006872 0.008021 -0.010748 -0.018913 -0.018725 -0.010100 -0.002720 -0.019068 -0.009313 0.005331 -0.003592 -0.007958 -0.017392 