<?xml version="1.0" encoding="utf-8"?>
<opencv_storage>
   <weights_conv2_28 type_id="opencv-matrix">
      <rows>64</rows>
      <cols>25</cols>
      <dt>f</dt>
      <data>0.025180 0.026893 0.044065 0.043971 0.019641 0.106477 0.132084 0.101150 0.077474 0.065705 0.107101 0.128742 0.079394 0.050132 0.046412 0.087976 0.109890 0.116088 0.110178 0.065301 0.013095 0.028308 0.054901 0.107494 0.038177 0.072275 0.023555 -0.004899 0.056508 0.062146 0.022715 -0.012907 -0.002187 0.018848 0.020109 -0.002817 -0.048140 0.003899 -0.016210 -0.011111 0.025533 -0.065556 -0.062007 -0.038607 0.016310 0.052829 0.002315 -0.019321 0.015491 0.060413 -0.061001 -0.006953 -0.058777 -0.100242 -0.031612 -0.051887 -0.029814 -0.033865 -0.061992 -0.047036 -0.017741 0.002025 -0.018314 -0.378381 -0.070194 -0.015556 -0.034032 -0.017375 -0.238119 -0.056628 -0.027517 0.011755 0.023677 -0.045795 -0.032697 -0.034813 -0.044750 -0.038471 -0.023516 -0.006489 -0.043539 -0.059519 -0.040507 -0.016514 -0.002101 -0.060011 -0.054019 -0.021974 -0.002688 -0.006735 -0.049882 -0.026107 -0.005842 0.007054 0.008001 -0.042023 -0.029788 -0.031659 -0.020541 0.011248 -0.085908 -0.070298 -0.048338 -0.045951 0.002870 -0.030797 -0.081710 -0.100233 0.012014 0.013376 -0.047243 -0.037388 -0.056741 0.025510 0.091431 -0.074669 -0.190359 -0.116302 -0.064413 0.023296 0.027883 -0.144321 -0.132177 -0.006062 0.003610 0.053639 -0.026470 -0.108848 -0.078999 -0.074437 0.019787 -0.042277 0.051070 0.014925 -0.103018 -0.058623 -0.083067 -0.004044 -0.030030 -0.159938 -0.025153 -0.102900 -0.096183 -0.057783 -0.065341 -0.017494 -0.092515 -0.113539 -0.000942 0.014373 -0.170167 -0.070420 -0.048905 -0.042273 -0.211909 -0.165873 -0.010567 0.010053 -0.021030 -0.264848 -0.035405 -0.098924 -0.081093 -0.154878 -0.176400 -0.065281 -0.015711 -0.094099 -0.030072 -0.075931 -0.109182 -0.040668 -0.018936 -0.030923 -0.133429 0.018920 0.023225 -0.011719 0.021480 0.037964 0.003023 0.032707 0.038728 0.041257 0.032348 -0.003675 0.003658 0.027345 0.005336 -0.015122 0.007334 -0.001945 -0.020486 0.000438 -0.004088 -0.020956 0.024001 0.007316 0.045976 0.029891 0.042762 -0.007628 0.032775 0.060546 0.022809 0.042266 0.018521 0.058279 0.099285 0.034196 -0.010218 0.005486 -0.012803 -0.012085 -0.017120 0.018081 0.068997 0.081063 0.068947 0.043222 0.010666 0.011999 0.028203 0.038692 0.024629 -0.004870 -0.008945 -0.062564 -0.007018 -0.030058 0.041610 0.043306 0.060358 0.059153 0.018519 -0.018058 -0.072902 -0.028781 -0.039964 -0.062864 0.034512 -0.062893 -0.093182 -0.037449 -0.023173 0.027226 -0.014739 -0.059023 0.012902 -0.001514 -0.004368 -0.007308 0.000702 0.005706 0.001618 0.037769 0.049496 0.060220 0.059134 0.037825 -0.030244 -0.049334 -0.051017 -0.030626 -0.027179 0.010384 0.004197 0.025345 0.032919 0.012815 0.008515 -0.019231 -0.005049 -0.003332 -0.007095 -0.000007 0.000670 0.000387 -0.000529 -0.000518 -0.000195 -0.000448 0.000675 -0.000665 -0.000513 0.000952 0.000966 0.000534 -0.000603 0.000150 0.001087 0.000009 0.001049 -0.000166 -0.000625 0.000017 0.000053 -0.000242 -0.000851 0.001902 -0.001415 -0.000807 -0.000082 0.000667 0.001680 -0.001154 -0.001043 0.001107 -0.001515 -0.000553 0.000140 -0.000953 -0.000196 0.001624 -0.000595 -0.000972 -0.001388 0.000612 -0.001716 0.000933 -0.001088 0.000128 -0.000227 0.001607 0.000074 0.000186 0.031470 0.040538 0.032977 0.030390 0.008791 0.056711 0.059320 0.052172 0.037189 0.018779 0.066927 0.062446 0.054598 0.031865 0.031716 0.084811 0.084814 0.081015 0.045978 -0.003338 0.045331 0.047856 0.047702 0.014253 -0.023364 -0.003302 0.003180 0.006025 0.000054 0.012337 0.034395 0.035399 0.026671 0.003419 0.000670 0.025244 0.023087 0.020218 -0.003078 -0.000124 0.025562 0.036428 0.045898 0.013260 -0.015589 0.004471 0.011251 0.021517 -0.010477 -0.001222 0.000022 -0.000588 0.001515 0.000502 -0.000009 0.000366 -0.000748 0.001648 0.000911 -0.000229 0.000012 0.000581 0.000122 0.000092 -0.001302 -0.001033 -0.001449 -0.000429 0.000152 -0.000719 -0.000010 0.000151 0.001302 0.001642 -0.012491 0.031794 0.030773 0.018211 -0.039147 -0.018603 0.019334 0.062364 0.051282 -0.009243 -0.015115 0.030696 0.052976 0.037205 -0.007496 0.018138 0.059816 0.049169 0.035867 -0.000099 -0.011819 0.023094 0.009504 0.026228 -0.004953 -0.035548 -0.091802 0.020071 0.020893 0.140129 0.038529 -0.062847 -0.061884 0.021767 0.177144 0.066730 -0.013372 -0.060038 -0.009077 0.041233 -0.008842 -0.050226 0.002188 -0.031344 0.079555 -0.007996 -0.018128 0.001339 0.042812 0.071218 0.000653 0.000221 0.000591 -0.000026 0.000985 -0.001498 -0.000253 -0.000573 0.000476 0.001310 0.001342 -0.000399 -0.001972 0.000987 -0.000923 -0.000170 0.000265 0.000306 0.000516 -0.001489 0.000641 -0.000491 -0.000190 0.000163 0.000654 -0.002330 -0.020911 -0.020610 -0.021239 -0.011511 0.007451 -0.035013 -0.021956 -0.040218 -0.003585 0.000925 -0.041972 0.004909 -0.036441 -0.018088 -0.011735 -0.053378 -0.040613 -0.041915 -0.021368 -0.012492 -0.013904 0.003066 -0.003733 -0.012698 -0.025302 0.006950 -0.010740 -0.004048 -0.008232 -0.024884 -0.007454 -0.016313 0.017261 -0.003839 -0.063783 -0.039134 -0.028865 0.018403 -0.031027 -0.053452 -0.030260 -0.054614 -0.010947 -0.056930 -0.050155 -0.046923 -0.041287 -0.018417 -0.034824 0.061501 0.088328 -0.006429 0.083131 0.081192 -0.037611 -0.048367 -0.049971 0.006295 -0.006014 0.050859 0.132686 0.154363 0.117643 0.103388 0.026997 0.035260 0.008942 0.063853 0.034052 -0.037682 -0.030999 -0.083899 -0.045452 -0.038558 -0.001167 0.000749 0.000229 0.000556 -0.000244 0.001236 0.001179 0.001200 0.000316 0.000274 -0.000561 -0.001107 -0.000742 0.000787 0.000324 0.001868 0.000989 -0.000490 0.000813 0.000245 0.000068 0.000499 -0.001943 -0.000515 -0.001828 -0.002443 -0.002821 -0.002015 -0.000965 0.001716 -0.003052 -0.003722 -0.004320 -0.000517 0.000945 -0.003806 -0.003830 -0.007739 -0.001296 0.002513 -0.002699 -0.005288 -0.007260 -0.004947 0.001120 -0.004046 -0.004211 -0.006321 -0.004595 0.000836 0.003209 0.010050 -0.005393 -0.021698 -0.003386 0.000007 -0.003590 -0.021813 -0.028326 0.010503 0.020714 0.020304 -0.025621 -0.032578 0.021259 -0.000000 0.032796 0.032567 -0.005209 0.011498 -0.115490 -0.061300 0.023370 -0.006687 -0.003773 0.000489 0.000468 -0.000155 -0.000018 -0.000382 -0.000076 -0.001010 -0.000894 -0.001791 -0.001247 -0.000784 -0.000910 0.001804 0.000015 -0.000096 0.000136 -0.000019 0.001807 -0.000164 -0.000645 -0.001306 0.000653 -0.001510 -0.001846 -0.000943 0.028988 -0.004787 -0.037616 0.018430 0.030239 0.024074 0.016915 0.015572 0.018573 0.008861 0.003170 -0.027536 -0.008475 -0.026174 -0.040236 0.028179 -0.029546 -0.046416 -0.010700 -0.006234 -0.008080 -0.018166 -0.027454 0.028200 0.002911 -0.018654 -0.007083 0.000933 -0.057340 -0.080507 -0.032671 -0.071794 -0.039090 -0.017393 -0.049185 -0.088508 -0.022010 -0.011560 -0.033729 -0.003153 -0.083607 0.032104 -0.006760 -0.074611 -0.005166 -0.047181 -0.067358 -0.057060 -0.031321 -0.027822 -0.031996 0.023345 -0.009990 -0.097201 -0.024936 0.036546 -0.141818 -0.112443 -0.118803 -0.052479 -0.020190 -0.123894 0.014713 -0.157569 -0.088416 -0.110103 -0.108364 -0.071510 -0.228427 -0.021199 -0.000346 -0.103461 -0.108027 0.045391 -0.004358 -0.014681 -0.008962 0.017773 0.022745 -0.015136 -0.030595 0.000018 0.031611 0.020928 -0.007684 -0.002282 0.008141 0.015676 -0.004613 -0.006869 -0.012251 -0.015730 -0.005118 0.004239 -0.008335 0.003045 0.003661 0.006921 -0.003848 -0.022340 -0.011713 -0.000844 -0.101226 -0.037233 -0.024773 0.023777 0.049102 0.002084 0.088935 0.038714 -0.071077 -0.104696 -0.027517 -0.105866 -0.004861 -0.031111 0.048356 -0.060710 0.055299 0.062546 -0.050933 -0.022051 -0.033832 -0.028471 -0.028681 -0.031903 0.029998 -0.018257 -0.024196 0.004354 0.080556 -0.023265 -0.006991 -0.016266 0.022592 0.102761 -0.058927 -0.014507 -0.034978 0.009436 0.030939 -0.010243 0.044284 -0.058774 -0.004676 -0.028503 0.047084 -0.006319 -0.018003 0.014756 -0.011853 0.037720 -0.076608 -0.083396 0.098755 0.085885 -0.151922 -0.322125 -0.049388 -0.003821 -0.105557 -0.180408 -0.086185 -0.110608 -0.141730 0.012088 -0.044161 