<?xml version="1.0" encoding="utf-8"?>
<opencv_storage>
   <weights_conv2_4 type_id="opencv-matrix">
      <rows>64</rows>
      <cols>25</cols>
      <dt>f</dt>
      <data>0.014724 -0.045018 -0.031459 0.010263 -0.031675 0.010838 -0.018314 -0.016482 0.036826 0.042887 0.000303 -0.013457 -0.032558 -0.006168 0.026201 0.011172 0.032417 0.018925 0.013982 0.015456 -0.014623 0.016886 0.010215 0.003700 0.001914 0.009649 0.015814 0.031313 0.051698 0.059896 -0.002226 -0.009313 0.051745 0.067731 0.038637 -0.016930 -0.012445 0.106877 0.109287 0.046043 0.005467 -0.024863 0.054647 0.052036 0.000608 0.034359 -0.034749 -0.010678 0.000732 -0.014686 0.059605 0.019779 0.000511 -0.075613 -0.035856 0.051765 -0.007015 0.013199 -0.053975 -0.099296 0.038558 0.056957 -0.062495 0.003153 -0.020907 0.004839 0.053111 0.024744 -0.028994 -0.063626 0.076698 0.020825 0.013233 -0.046384 -0.047574 0.010855 0.025499 0.019959 0.048097 0.036655 0.041337 0.016467 -0.052150 -0.013364 0.005644 0.044558 -0.022297 -0.083104 0.009166 0.015244 0.046904 0.002918 -0.015473 0.063334 0.042615 0.028574 0.017071 -0.005208 0.021921 0.006650 -0.002589 0.030512 -0.014918 -0.021930 0.044177 0.008242 0.033413 0.012130 -0.019329 -0.029810 0.046619 0.006468 -0.014122 -0.084810 -0.045438 -0.048585 0.037574 -0.034115 -0.052167 0.053476 -0.051972 0.026903 -0.031585 -0.089606 0.011872 0.003322 -0.070145 -0.035150 -0.047480 -0.078732 0.021237 -0.077971 0.038104 -0.020680 -0.080100 0.001992 -0.000142 0.137073 0.017590 -0.086545 -0.032139 -0.032660 0.081099 -0.019009 -0.086003 0.015277 -0.072803 -0.042263 -0.033119 -0.041878 -0.145219 0.116210 -0.143269 -0.025371 -0.007002 -0.016810 0.116786 -0.302086 0.060500 0.091701 0.004133 0.050265 0.136206 0.093872 0.024695 -0.012165 -0.011876 -0.024351 -0.055650 -0.001926 -0.044813 -0.017182 -0.005051 -0.010456 0.008329 0.010474 0.018347 0.028185 0.028352 0.022348 0.032904 0.025140 0.046680 0.055787 0.049656 0.018423 0.004620 0.044271 0.052615 0.030346 0.023050 0.014122 0.029795 0.037164 -0.004169 0.027444 -0.018142 -0.020986 0.016845 0.020302 0.034135 -0.042863 0.022590 0.064110 -0.003004 0.020087 -0.037938 0.017793 0.056741 -0.039476 -0.007849 -0.031641 -0.015998 -0.014076 -0.043183 -0.015550 0.007144 0.034079 0.027709 0.021678 -0.005593 0.009278 0.028486 0.001789 -0.025477 0.023895 -0.020864 0.003031 0.009541 -0.029931 0.013935 -0.020860 0.051332 0.046469 0.001757 -0.005968 -0.037010 0.067557 0.045908 -0.018388 0.023249 0.010439 0.096484 0.082910 -0.011421 0.039295 -0.018879 0.024468 0.050945 0.022900 0.011107 0.019925 0.031821 0.030207 0.008713 0.013767 0.021552 0.036734 0.034925 0.008499 -0.011026 -0.028934 -0.018261 0.003442 -0.010798 0.008275 -0.013706 0.011035 0.033050 0.006255 0.023265 0.004483 0.025906 0.033367 0.013075 0.000339 -0.001275 0.000114 -0.000217 -0.000579 0.000403 -0.001556 -0.000896 -0.001867 -0.000330 -0.002246 0.000640 -0.000661 0.000799 -0.000583 -0.000508 -0.000467 -0.000220 0.001178 0.001879 -0.000315 -0.000794 -0.000426 -0.000524 -0.000739 0.000238 -0.000104 0.001214 0.001069 -0.000338 0.000789 -0.000491 -0.000349 0.000391 -0.000176 0.000907 -0.000249 -0.001497 0.001167 -0.000543 0.001045 0.000085 -0.001187 -0.000262 -0.000211 0.000510 0.001689 0.001158 0.000568 0.000142 -0.002524 0.009399 -0.000288 -0.011098 -0.005507 0.013764 0.020092 0.008755 0.016201 0.030859 0.000506 0.002817 -0.007700 0.005375 0.013331 -0.011561 -0.006672 -0.013325 -0.002127 -0.004416 -0.025211 -0.022081 -0.023284 -0.007681 -0.007379 0.002560 0.002169 0.007965 -0.000521 -0.008364 0.009175 0.012674 0.014985 -0.000245 -0.010015 0.001447 0.002932 -0.000623 -0.004672 -0.009377 0.004173 0.000181 0.000672 0.006071 -0.007995 0.011297 -0.001366 -0.005674 0.000326 -0.018335 0.001075 0.000269 0.000576 -0.000046 0.001322 0.000200 0.001943 0.000481 0.000005 -0.000967 -0.001526 0.000104 -0.001093 0.000949 -0.000543 -0.000680 -0.001235 -0.001486 -0.000694 -0.001516 -0.000022 0.000285 0.001186 -0.000198 -0.001576 0.001301 -0.005294 0.006435 0.008816 -0.013676 0.017582 -0.003603 0.018817 0.027850 0.010758 -0.005792 -0.013319 0.009505 0.015723 0.002903 -0.025394 -0.004617 0.021355 0.035428 0.018315 -0.021501 -0.010935 -0.002312 0.032977 0.021414 -0.046614 -0.051373 0.010352 0.053519 -0.042280 -0.035845 -0.051390 0.019231 0.025304 -0.097541 -0.007674 -0.052732 0.071320 -0.008447 -0.196559 -0.040680 -0.050229 0.089528 0.012439 -0.054328 -0.023463 -0.043053 -0.013939 0.006002 -0.042735 0.000624 -0.000004 -0.000720 -0.000586 0.001223 0.000582 0.000240 0.000475 -0.000379 -0.001204 0.000062 0.000868 -0.000684 0.000333 0.001889 -0.000635 -0.000026 0.000866 0.000020 0.000825 -0.000053 0.000906 0.001616 0.000254 0.000909 0.005889 -0.004326 -0.013706 -0.004378 -0.004404 0.025009 -0.007035 0.005573 -0.022446 0.001856 0.021386 -0.007856 0.043423 -0.018484 -0.021142 0.015864 -0.028316 -0.023878 -0.027946 -0.006405 0.004503 0.019848 0.031511 0.032848 0.011731 -0.002088 -0.002440 -0.005162 0.024493 0.012610 -0.018442 0.007277 0.001076 0.003401 0.003541 -0.039216 0.002001 -0.007058 -0.020901 -0.021269 -0.016495 0.014455 -0.008110 -0.036718 -0.036890 -0.000239 0.010329 -0.013644 -0.040479 -0.006642 -0.053424 0.047352 0.007926 -0.053371 0.032984 0.041733 0.054179 0.091048 0.011164 0.091473 -0.024966 -0.031809 -0.047331 -0.039478 0.066300 0.026051 0.014034 -0.003088 0.035631 0.037206 0.038006 0.052352 0.025167 0.064311 0.042218 0.001828 -0.000560 -0.001878 -0.000447 -0.000078 0.000547 -0.000028 0.000616 -0.000233 0.000498 0.000704 0.001990 0.000948 0.001158 0.000274 -0.000763 0.001733 -0.000854 0.000856 0.000885 -0.000025 -0.000900 -0.001329 -0.000015 0.000020 0.006256 0.003521 -0.000710 -0.000505 0.001230 0.005216 0.004711 -0.000887 0.000137 0.001453 0.005768 0.004490 -0.001765 0.000821 0.001012 0.005093 0.005661 -0.002665 0.000450 0.000456 0.006378 0.004190 -0.001468 0.001532 0.002571 0.001758 0.030852 0.000325 0.008853 -0.000193 -0.019311 0.004106 -0.007580 0.001790 -0.003794 0.036213 0.042991 0.022732 0.017274 0.007045 -0.011064 -0.000734 0.000336 -0.012331 -0.032283 -0.029367 -0.006896 0.010850 -0.038143 -0.052235 -0.001855 -0.001483 -0.002382 0.001375 0.001479 0.000120 0.001875 0.000268 -0.000494 0.000530 -0.000757 -0.000307 -0.000872 0.001286 0.001062 -0.000828 -0.000944 0.000621 -0.000508 -0.001008 -0.001828 0.000777 -0.000150 0.001798 0.000302 0.006651 -0.013326 -0.007374 0.022756 0.000990 0.008654 -0.000269 0.026302 0.037719 0.013380 0.018828 0.008431 0.043059 0.030102 0.006039 0.035259 0.023876 0.031619 0.010836 -0.025759 0.027093 -0.006925 -0.020671 -0.009729 -0.001304 0.005264 0.082158 0.061453 -0.012557 0.025474 -0.001370 -0.031915 -0.025805 -0.012022 -0.036803 -0.025094 -0.020220 -0.034662 -0.047564 0.038186 -0.051667 -0.000851 -0.018496 -0.063097 0.082770 0.005511 -0.032123 -0.005890 0.001428 -0.002463 0.043658 0.017875 0.026835 0.019542 -0.017746 0.035447 0.051815 0.047867 0.034197 0.006279 0.042859 0.068628 -0.132091 -0.029436 -0.009374 0.023911 0.034248 -0.031898 0.091391 -0.012740 0.010611 0.025608 0.051371 -0.027601 -0.020543 -0.013557 -0.009531 0.017178 0.000877 -0.035406 -0.006900 0.028660 0.038049 -0.010625 -0.034024 0.010930 0.043368 0.031362 -0.025054 -0.028566 -0.018201 0.012309 0.017783 -0.013192 -0.027813 -0.019163 -0.011067 0.011137 -0.003179 -0.009623 -0.022903 -0.004858 0.049358 -0.000805 -0.028539 -0.017591 -0.071801 0.016533 -0.003374 -0.053121 0.006483 -0.075909 0.218848 -0.021292 -0.015815 -0.052595 -0.033456 -0.007684 -0.022724 -0.001508 -0.051132 -0.045474 -0.012235 -0.017760 -0.027903 0.021071 0.127493 0.003112 0.000377 0.022338 -0.070424 0.096202 -0.009013 -0.033980 0.034336 -0.142413 0.144195 -0.024853 -0.049393 0.040264 0.032474 0.065439 -0.015275 -0.036732 0.044459 -0.090691 0.026806 0.043128 -0.006821 0.010557 0.038139 0.023604 -0.061216 -0.077312 0.125059 -0.069811 -0.059662 -0.066565 -0.099106 -0.053903 0.075935 0.046982 0.000273 0.120670 0.057627 0.014701 0.044977 0.110332 0.082849 -0.024503 -0.018405 -0.057273 -0.038017 -0.049924 -0.011515 -0.013911 