<?xml version="1.0" encoding="utf-8"?>
<opencv_storage>
   <weights_conv2_17 type_id="opencv-matrix">
      <rows>64</rows>
      <cols>25</cols>
      <dt>f</dt>
      <data>-0.013054 -0.039965 -0.023865 0.000463 -0.034598 -0.008016 -0.017893 -0.016969 0.020715 0.027786 -0.001395 -0.016018 -0.034082 -0.012525 0.019007 0.018244 0.030608 0.015846 0.014736 0.014277 -0.010166 0.015909 0.007351 0.003363 -0.003844 0.007855 0.009992 0.044146 0.067925 0.063113 0.014468 0.010075 0.072641 0.087822 0.050070 0.003411 0.012657 0.130859 0.127232 0.062870 0.024204 0.006308 0.080760 0.073336 0.017436 0.044272 -0.009668 0.008732 0.010699 -0.000879 0.057854 0.014999 0.012334 -0.006070 0.027592 0.025796 -0.003888 0.028596 -0.019015 -0.051243 0.019479 0.064889 -0.054505 -0.001204 -0.018133 -0.008263 0.033426 0.018811 -0.008769 -0.041296 0.061975 -0.020873 0.021093 -0.009002 -0.018256 0.008471 0.022628 0.019710 0.048265 0.035584 0.042469 0.017758 -0.053251 -0.012007 0.004930 0.042302 -0.025561 -0.084336 0.006587 0.011520 0.045398 0.000617 -0.012820 0.063046 0.042217 0.027514 0.017669 -0.007610 0.018959 0.006044 -0.017638 0.023232 0.008440 0.022355 0.088140 -0.019674 0.016094 0.024367 0.013455 0.022290 0.033872 -0.000507 -0.007569 -0.070057 -0.019109 -0.060312 0.014854 -0.045379 -0.046260 0.072325 -0.051091 0.012539 -0.018356 -0.076347 0.012297 -0.000689 -0.060114 -0.041678 -0.042576 -0.044480 0.016936 -0.065183 0.033670 -0.015723 -0.066295 -0.006603 0.004947 0.125794 0.017018 -0.085197 -0.029888 -0.017411 0.072402 -0.017149 -0.062258 0.020227 -0.063433 -0.056237 -0.038163 -0.026368 -0.132827 0.128493 -0.114753 0.011487 0.010150 0.006747 0.109759 -0.298258 0.060640 0.091284 0.007434 0.019332 0.130413 0.075224 -0.020385 -0.004671 -0.010777 -0.035681 -0.075325 -0.050008 -0.038922 -0.002547 -0.016022 -0.036026 -0.059122 0.011979 0.013078 0.030119 0.043625 0.033820 0.033150 0.036464 0.060214 0.069453 0.053597 0.028048 0.022968 0.062411 0.066344 0.038050 0.028743 0.030674 0.052350 0.059535 0.013495 0.027782 0.000941 -0.004045 0.029390 0.035390 0.034463 -0.031535 0.016783 0.034982 -0.034024 0.006121 -0.035389 0.007782 0.037530 -0.050007 -0.015237 -0.023223 -0.023234 -0.032254 -0.043371 -0.014828 0.006882 0.024197 0.017699 0.028902 0.001460 0.010504 0.021434 0.002000 -0.001446 0.003177 -0.032781 -0.006391 0.006872 -0.015295 -0.005775 -0.019951 0.046850 0.038334 -0.010912 -0.012472 -0.028851 0.071257 0.041253 -0.021500 0.024370 0.023311 0.103106 0.086625 0.002895 0.053763 0.001739 0.030349 0.052590 0.028376 0.013115 0.015805 0.026487 0.024026 0.003701 0.013815 0.017327 0.028518 0.026685 0.002459 -0.015571 -0.028463 -0.020450 0.000502 -0.013345 0.006621 -0.011235 0.008710 0.034724 0.007290 0.025907 0.009561 0.025202 0.034591 0.014006 -0.001148 -0.001962 0.000124 0.001159 -0.000772 0.000407 -0.000919 -0.000237 0.001282 -0.000404 -0.000609 0.001660 0.001159 -0.002534 0.002807 0.000006 -0.001007 0.000195 0.000442 0.000626 0.000535 0.000448 0.000659 0.000206 0.000437 0.001328 0.000952 0.000871 0.000276 -0.001204 -0.000654 -0.001205 0.000188 -0.001869 0.000452 0.000233 0.000975 0.001371 -0.001834 0.000838 -0.000259 -0.000902 -0.000212 -0.000365 -0.000638 0.000150 -0.000604 0.000926 0.000427 0.000533 -0.001066 0.014984 0.005083 -0.000123 0.000237 0.012333 0.020668 0.010415 0.023413 0.035125 -0.008637 -0.003631 -0.009872 0.009780 0.018727 -0.028032 -0.017670 -0.019979 -0.000789 -0.001907 -0.038063 -0.038480 -0.037367 -0.016172 -0.012883 -0.007775 -0.005099 -0.000622 -0.001118 -0.005156 0.000154 0.005655 0.006635 0.000825 -0.004801 -0.006734 -0.001557 -0.005036 -0.003461 -0.002868 -0.004095 -0.002994 -0.001869 0.007561 0.002531 0.003623 -0.001092 -0.004439 0.004338 -0.007222 0.000471 0.000768 -0.000506 -0.000570 -0.001000 -0.000782 -0.000390 0.000751 0.000639 0.000452 -0.000983 -0.001948 0.000413 -0.000777 0.001125 -0.000478 0.001133 -0.001061 0.000967 -0.000797 -0.000483 -0.001419 -0.000032 -0.002041 0.000141 0.013164 0.004616 -0.002584 0.001840 -0.014737 0.011808 0.001069 0.015717 0.026130 0.003265 -0.019378 -0.012843 0.005498 0.010654 -0.008604 -0.029130 -0.006331 0.012848 0.022315 0.003380 -0.015907 -0.008931 -0.009064 0.013159 -0.004695 -0.063453 -0.092189 -0.003270 0.041500 -0.029671 -0.049324 -0.062430 0.014502 0.028439 -0.055914 0.023988 -0.020580 0.071885 0.017407 -0.138253 0.009859 -0.013631 0.077115 0.045604 0.014540 -0.016367 -0.036070 -0.034857 0.033706 0.034957 -0.000241 -0.000035 -0.000071 0.001324 0.000289 0.000210 -0.000816 -0.000915 -0.000993 -0.000043 0.000298 0.001399 0.001407 0.000345 -0.000514 0.000451 0.000140 -0.001984 -0.001562 0.000160 -0.000573 -0.000931 0.000544 -0.000091 -0.000879 0.003219 -0.005047 -0.013856 -0.005340 -0.005341 0.018748 -0.007705 0.005184 -0.022104 0.001628 0.020945 -0.006111 0.042150 -0.021100 -0.022257 0.016079 -0.025839 -0.024232 -0.029043 -0.009095 0.004260 0.018916 0.028629 0.028637 0.011839 0.000893 -0.000011 0.003594 0.014448 0.005539 -0.011652 0.011508 0.003925 -0.001848 0.004936 -0.025028 0.000667 -0.006017 -0.010564 -0.010735 -0.001095 0.012721 -0.005024 -0.021170 -0.030196 0.011973 0.002239 -0.001069 -0.020290 -0.011436 -0.051682 0.015091 -0.016031 -0.029130 -0.002139 0.057027 0.045073 0.078540 0.013327 0.039070 -0.006961 -0.021515 -0.044131 -0.054033 0.022482 0.034706 0.018036 0.003384 0.028949 0.006036 0.037405 0.049833 0.039045 0.054463 0.006940 0.000564 -0.002018 0.000186 -0.000013 -0.000051 -0.001017 0.000109 -0.000206 -0.000359 -0.000715 -0.001005 -0.001527 -0.000042 -0.000185 0.002595 0.000813 0.000314 0.000191 0.001382 -0.000149 0.000418 -0.000001 -0.001391 0.000673 0.000112 0.003587 0.003306 -0.001250 -0.002890 -0.002814 0.005312 0.003413 -0.003355 -0.001527 -0.001950 0.003623 0.000518 -0.003198 -0.003956 -0.003414 0.005840 0.003224 -0.004861 -0.004045 -0.003039 0.006616 0.002483 -0.001650 -0.001223 -0.000915 -0.025471 0.008761 -0.008326 -0.007181 -0.021022 -0.029755 -0.007698 -0.012255 -0.006496 -0.013975 0.027099 0.028326 0.015360 0.016448 0.007956 -0.004619 -0.004056 -0.010063 -0.004561 -0.005457 -0.020400 -0.009715 -0.000910 -0.020600 -0.007289 -0.000286 -0.001148 -0.000128 0.001089 0.001547 -0.000056 0.000670 -0.000277 0.000669 0.000135 -0.000548 -0.000080 -0.001082 -0.000090 0.000500 0.000075 -0.000713 0.000021 0.000199 0.000770 -0.000242 -0.000812 0.000596 0.001822 0.000449 0.003544 -0.017266 -0.005997 0.024961 0.008001 0.008920 0.004806 0.032485 0.034374 0.010569 0.024157 0.015934 0.048971 0.029350 0.002050 0.045184 0.034620 0.040803 0.015958 -0.015022 0.035749 0.005784 -0.010669 -0.006477 0.004792 0.013443 0.092509 0.072995 0.003690 0.045504 -0.001912 -0.027742 -0.022589 -0.001129 -0.022252 -0.030765 -0.020424 -0.034139 -0.043645 0.040519 -0.045075 0.007932 -0.017171 -0.062517 0.079325 0.015537 -0.019043 -0.011060 0.001739 -0.001838 0.028063 0.002834 0.004151 0.023665 0.006230 0.022477 0.037956 0.030352 0.027120 0.011631 0.039662 0.064290 -0.131948 -0.022893 0.002655 0.014892 0.028475 -0.040437 0.093427 0.016506 -0.000546 0.017640 0.040670 -0.024553 0.023501 -0.009084 -0.007412 0.007589 -0.002045 -0.019886 0.003087 0.032857 0.033933 -0.009011 -0.019851 0.017406 0.043970 0.025445 -0.018733 -0.011468 -0.014631 0.005240 0.014242 -0.002253 -0.009811 -0.016084 -0.019256 0.002882 -0.000964 0.002242 -0.022557 0.000330 0.022339 -0.014684 -0.001943 -0.015792 -0.058583 0.000979 -0.016933 -0.061612 0.022496 -0.057400 0.206710 -0.032816 -0.041358 -0.030149 -0.012459 -0.023479 -0.020347 0.000769 -0.045845 -0.035676 -0.024725 -0.006014 -0.021250 0.025296 0.057305 -0.007610 0.012264 -0.011030 -0.066528 0.060526 -0.025414 -0.037473 0.018606 -0.146881 0.114653 -0.034348 -0.051141 0.028327 0.058604 0.041517 -0.028141 -0.040057 0.027381 -0.024437 0.017805 0.019879 -0.012957 0.009198 0.016538 -0.014903 -0.079251 -0.069464 0.122220 -0.084520 -0.062779 -0.061470 -0.064124 -0.034263 0.055279 0.043602 0.003920 0.108159 0.045739 0.006142 0.037287 0.122856 0.081861 -0.009662 0.033697 -0.039632 -0.044283 -0.061038 0.039986 -0.018093 