<?xml version="1.0" encoding="utf-8"?>
<opencv_storage>
   <weights_conv2_11 type_id="opencv-matrix">
      <rows>64</rows>
      <cols>25</cols>
      <dt>f</dt>
      <data>-0.001899 0.012014 0.008729 -0.004124 0.011576 -0.004076 0.011941 0.011099 -0.003873 0.016717 -0.009426 -0.003524 -0.000759 -0.008057 0.013231 0.016856 0.009495 0.010199 0.013048 0.020736 0.014341 -0.005506 -0.009592 0.001417 0.000114 0.002489 0.006850 -0.005065 0.008433 0.015585 0.007007 0.017817 0.001271 -0.000490 0.004211 0.007067 0.009749 -0.011790 -0.006251 0.011531 -0.004046 -0.000131 -0.020485 -0.003266 0.007195 0.006017 0.016826 0.001913 0.006339 0.000539 -0.028588 -0.025679 -0.053365 -0.010871 0.035369 -0.025158 -0.008015 -0.010878 -0.004136 0.055795 -0.042684 -0.013252 0.009680 -0.004733 0.064499 -0.045190 -0.006777 -0.015615 -0.059074 0.006387 -0.046463 -0.008324 -0.014866 -0.015013 0.019737 0.001062 0.000240 0.002284 0.000496 -0.000324 -0.000898 0.000494 -0.000744 -0.001024 0.001085 0.000685 -0.000025 0.000272 -0.001380 0.000465 -0.000504 -0.000598 0.001784 0.000580 0.000667 0.000138 -0.000599 -0.000383 0.001198 -0.000571 -0.021781 0.015141 0.003741 0.032037 0.031355 -0.018097 0.025568 0.000664 0.017194 0.050212 -0.032765 0.033742 -0.000449 -0.006011 0.035747 -0.038334 0.031418 0.028284 0.018804 0.055919 -0.048540 -0.015795 0.006978 0.019428 0.068565 0.023530 0.012979 0.003063 -0.008733 -0.005032 -0.012361 -0.008446 0.023222 -0.010123 -0.012832 -0.012426 -0.004713 -0.010372 -0.047782 -0.016222 -0.006586 0.017306 0.001823 -0.032544 -0.008515 -0.012335 0.021190 0.018994 -0.001721 -0.008455 0.046829 0.028993 0.017141 -0.031551 -0.046861 0.035281 0.011468 0.024314 -0.017623 -0.048193 0.025196 0.001827 0.016255 -0.014375 -0.044454 -0.001853 -0.019865 -0.003872 -0.021284 -0.030997 0.013887 -0.004369 0.001808 -0.007582 -0.017539 -0.008588 0.000507 -0.000542 -0.004884 0.005310 -0.011924 0.007739 0.011901 -0.000215 0.002693 -0.018124 -0.004771 -0.015463 -0.025015 -0.001340 -0.018398 -0.001154 -0.015066 -0.021599 0.002166 -0.021595 0.000457 -0.004067 -0.007928 -0.003019 0.011871 -0.007270 -0.015173 0.006732 -0.004555 0.008585 -0.006943 -0.009363 0.004260 0.001737 0.004731 0.000113 -0.001385 0.006779 0.010169 -0.002017 -0.005547 -0.007931 -0.003201 0.004728 -0.005769 -0.006903 -0.006993 -0.002387 -0.000719 -0.007662 0.009354 -0.011859 -0.013300 0.014361 -0.019372 0.021829 0.023648 0.005083 0.028575 -0.020744 0.008169 -0.013860 -0.028858 0.016781 0.004695 0.031527 -0.004961 -0.014577 0.026572 -0.005864 0.020172 0.005800 0.013250 0.025288 0.003426 0.005646 0.011894 0.007612 0.002802 0.001837 0.006604 0.011126 0.010365 0.004438 0.000182 0.001685 0.006581 0.004658 0.001690 0.001006 -0.003276 0.003131 0.007731 0.002747 -0.000373 -0.007620 0.000727 0.002388 0.000421 0.000687 -0.000831 0.000598 -0.000598 0.000703 -0.000094 0.000134 -0.000566 -0.000154 -0.000709 0.002162 0.000274 0.000566 0.000178 -0.000509 0.000582 0.000518 -0.002802 0.001466 -0.001324 0.000538 -0.001042 0.000007 -0.000218 -0.000040 -0.001385 -0.000039 -0.000846 0.000270 -0.001354 -0.000818 -0.000344 -0.000534 -0.000828 0.000479 -0.001707 -0.000522 0.000184 0.001685 0.000391 -0.000011 0.000683 -0.001402 -0.002119 -0.000376 0.000421 0.000715 -0.001060 0.000034 0.000428 -0.021668 -0.009641 -0.001694 -0.007816 -0.002850 -0.018826 -0.010303 -0.005054 -0.011212 -0.004554 -0.016034 -0.010395 -0.008636 -0.011656 -0.004549 0.000238 0.008644 0.012617 0.003074 0.009075 0.004198 0.010065 0.014008 0.006081 0.013533 -0.021138 -0.014805 -0.009088 -0.013314 -0.009230 -0.020966 -0.014734 -0.009829 -0.011330 -0.005361 -0.025907 -0.014676 -0.011671 -0.007756 -0.006183 -0.014935 -0.002936 0.003196 0.002439 0.005663 -0.014569 -0.001900 0.002041 -0.001260 -0.001393 -0.000707 -0.001733 0.001536 0.002873 -0.000091 -0.000247 -0.002563 0.000088 -0.001466 -0.000154 -0.000397 0.001091 0.000704 0.001154 -0.001868 -0.000929 0.000237 0.001516 0.000103 0.000396 0.000770 -0.002722 -0.001205 -0.001070 -0.000291 0.018421 0.007420 0.001993 -0.005649 0.007870 0.005419 -0.004214 0.000474 -0.002884 0.013917 -0.003109 -0.002438 -0.000109 -0.014553 0.011706 -0.000659 0.011374 0.010629 -0.002526 0.029264 -0.014740 -0.000275 0.007000 0.001662 0.032665 -0.047304 -0.021708 0.003901 -0.000250 0.002958 -0.033031 0.008950 0.033197 0.019666 0.006755 -0.026274 -0.007717 0.024600 0.025000 0.019435 -0.050558 -0.043620 -0.014036 0.012215 0.028610 -0.046052 -0.029763 -0.013809 0.013905 0.024713 0.000974 0.000401 -0.000068 0.000204 -0.000521 -0.001617 0.001960 0.001372 -0.002036 -0.000760 0.001979 0.000642 -0.001536 0.000746 0.000840 0.000744 -0.000544 0.000323 0.002189 -0.000131 -0.000126 -0.000582 -0.001339 -0.000323 -0.000826 0.001550 -0.000707 0.000411 0.000823 -0.001315 -0.000897 -0.001079 0.002518 -0.000467 -0.001565 0.000766 -0.000600 0.001316 -0.000603 -0.001364 -0.001138 0.000963 -0.000719 0.000446 0.001466 0.000236 -0.000718 0.000660 -0.000404 -0.000587 -0.001120 0.019783 -0.002717 -0.009474 0.006242 0.016774 0.027657 -0.008026 -0.020124 0.005579 0.011050 0.025093 -0.013807 -0.013951 0.007093 0.000911 0.031060 -0.001932 0.001914 0.012218 -0.013197 0.020920 -0.009150 -0.010670 0.004567 -0.001295 -0.017749 -0.020377 -0.011720 -0.009496 0.017561 -0.015118 -0.007545 -0.006972 0.005713 0.024441 -0.013224 0.014876 0.019560 0.029776 0.050983 0.034407 0.030499 0.015138 0.017840 0.057509 0.025367 -0.004122 -0.017527 0.003917 -0.000105 0.001246 -0.000879 0.002442 -0.000546 0.001519 -0.000412 0.000590 -0.000843 -0.000222 -0.001734 -0.000327 0.001990 0.000995 -0.000751 0.000793 -0.001122 0.000087 0.000135 -0.000792 0.000687 0.000906 -0.000660 0.000981 0.000333 0.001309 0.000954 -0.001702 -0.004740 -0.004856 0.002120 0.001553 -0.005314 -0.004809 -0.004713 0.000085 0.003017 -0.002906 -0.003368 -0.004742 -0.002632 0.000994 -0.003189 -0.002926 -0.005354 -0.002023 0.000462 -0.002431 -0.003554 -0.004856 -0.018291 -0.016273 -0.005778 -0.011682 -0.011085 -0.025629 -0.015253 -0.013119 -0.004253 -0.001389 -0.017351 0.000156 0.002243 0.014802 0.001927 -0.040155 -0.019785 -0.002183 0.015127 -0.002403 -0.047311 -0.028473 -0.003261 0.003975 -0.012505 -0.000144 0.000009 -0.000743 0.001495 0.000963 0.001395 -0.000131 0.001607 0.000245 0.002072 0.000324 0.000289 -0.000209 -0.001540 -0.001864 0.001472 -0.000594 -0.001239 0.000203 0.000566 -0.000755 -0.002311 -0.001014 -0.000891 -0.000905 0.011334 0.010444 0.003957 -0.006016 0.001954 0.002068 0.017893 0.019041 0.003302 0.008454 -0.003917 0.003630 -0.010665 -0.015971 0.002942 0.006214 0.015017 -0.002751 -0.006211 0.005166 0.005932 0.016287 0.011185 0.005611 0.001992 -0.000526 0.001146 0.000379 -0.002185 -0.000623 0.000917 -0.001263 -0.000126 0.001069 -0.000511 -0.000162 0.000392 0.001323 0.000632 -0.000806 0.001471 -0.001215 -0.000611 -0.000531 -0.001250 0.000244 0.000773 -0.000254 -0.001256 -0.000964 -0.067560 -0.058826 0.024679 0.026326 0.031424 -0.017400 -0.003398 -0.015356 -0.023823 0.042267 -0.031368 -0.088829 -0.037270 0.006363 0.026924 0.036053 0.021429 0.041351 0.027465 0.009655 0.025000 -0.008181 -0.007982 0.005059 0.009121 0.000834 0.002137 0.009269 -0.002821 0.000436 -0.013288 0.001203 0.009321 -0.007442 0.007890 -0.009864 0.002109 -0.001957 -0.024620 0.001199 -0.002602 0.005535 0.002466 -0.026754 -0.004116 -0.005322 0.001581 0.008806 -0.006022 0.008597 0.035391 0.005804 -0.017751 -0.055012 -0.001004 0.013707 0.031275 0.050890 -0.012956 0.009472 0.005456 0.017251 -0.012443 -0.064922 0.007739 -0.011983 0.026202 -0.008570 -0.045898 -0.004544 -0.003636 0.025458 0.013973 -0.003619 -0.010125 0.067237 0.019890 0.009989 0.065807 0.010044 0.071472 -0.013078 -0.007583 0.066095 -0.022655 0.043622 -0.027433 0.004924 0.082259 -0.033753 0.021287 -0.022518 0.019918 0.054674 -0.028163 0.035360 0.018070 0.017501 0.032359 0.003871 0.009831 -0.003049 0.006324 0.001963 -0.007840 0.037876 0.030963 0.028977 0.001118 0.006560 0.061525 0.007697 -0.005797 -0.016503 0.030811 -0.015171 -0.028285 -0.060683 -0.068165 -0.041489 0.111123 0.108009 0.102845 