<?xml version="1.0" encoding="utf-8"?>
<opencv_storage>
   <weights_conv2_10 type_id="opencv-matrix">
      <rows>64</rows>
      <cols>25</cols>
      <dt>f</dt>
      <data>0.017672 0.020969 0.004871 -0.020307 -0.001614 0.032941 0.024533 0.012301 0.006167 0.020919 0.037667 0.023592 0.022135 0.024592 0.024456 0.015953 0.004706 0.021079 0.031139 0.013295 0.001886 0.012703 0.031307 0.056843 0.030679 0.016199 0.011824 -0.015354 0.000878 0.001875 -0.000641 -0.024028 -0.032546 -0.011113 0.001028 -0.018774 -0.057638 -0.060310 -0.036696 0.004384 -0.007454 -0.050895 -0.063316 -0.042384 0.024728 0.008286 -0.002216 -0.001723 -0.003562 0.016024 0.013453 0.006765 -0.007180 -0.078826 -0.047024 0.006317 0.028468 0.019095 -0.078777 -0.095503 0.031094 0.005050 0.111207 -0.102986 -0.196322 -0.020556 -0.021761 0.055891 -0.117330 -0.190565 -0.022039 -0.048987 0.017455 -0.114096 -0.102329 -0.011237 -0.016289 -0.016699 -0.003795 0.005691 -0.012996 -0.036188 -0.032307 -0.011576 0.004207 -0.020295 -0.034100 -0.021394 -0.003287 0.006437 -0.016317 -0.016954 -0.008390 0.008476 0.020583 -0.020008 -0.018081 -0.020751 -0.007481 0.018615 -0.009339 0.006780 0.004544 -0.040447 -0.032211 -0.005839 -0.028962 0.014690 0.003415 -0.002550 -0.052660 -0.110764 -0.034078 -0.032934 -0.070201 0.059208 -0.157985 -0.066596 -0.067083 -0.113958 0.145889 -0.005162 -0.038983 -0.083662 -0.059745 0.020644 0.046938 0.028786 0.048471 0.055007 0.014546 0.010978 0.011823 0.049539 0.034827 0.024137 -0.018891 -0.094532 0.004487 0.040622 0.013322 -0.028039 -0.065228 -0.041443 0.047986 0.027002 0.033584 0.042422 0.037228 0.063272 0.073975 0.032980 -0.053663 -0.046903 -0.041682 0.049932 0.083402 -0.050296 -0.002910 -0.031077 0.078982 0.040477 -0.004780 -0.030767 -0.036200 0.015795 0.021361 -0.048706 -0.032828 -0.021022 -0.047205 -0.055290 -0.073305 -0.086015 -0.079291 0.002221 0.026415 0.017614 -0.001799 0.013664 0.005175 0.001456 -0.000732 -0.011626 0.014248 0.006708 -0.026028 -0.030942 -0.029306 0.013703 0.001079 -0.026081 -0.045549 -0.037962 0.016768 0.004741 0.028974 0.025586 0.008476 0.008888 -0.004211 0.031293 0.013638 0.033076 0.034080 -0.001164 0.032324 0.027905 0.051052 0.028100 0.001405 0.041899 0.056423 0.060406 0.036185 -0.009275 0.004706 -0.024179 -0.027425 -0.029756 -0.020638 -0.012108 -0.017588 -0.003658 -0.020175 -0.007170 0.024932 -0.013535 -0.013433 -0.002937 0.036818 0.001530 -0.031758 -0.012155 0.027323 0.018342 -0.057924 -0.085193 -0.050293 0.020241 0.012449 -0.050085 -0.092177 -0.069711 0.017191 0.003875 0.016871 0.026678 0.010458 0.007621 0.003004 -0.001220 0.006319 0.013903 0.004243 -0.003930 -0.002431 0.001916 0.008467 -0.001654 0.009103 0.003351 0.011849 0.023017 0.014361 0.009387 0.002863 0.015181 0.024315 0.011592 0.017221 -0.005788 -0.000695 0.013575 0.006820 -0.002296 -0.000948 0.001547 0.003014 0.000254 -0.000388 -0.002141 0.000435 0.002052 -0.000629 0.001297 0.000489 -0.001199 0.000254 -0.001101 0.000912 -0.000070 0.000537 -0.002418 -0.002107 0.000184 -0.000001 0.002032 -0.000725 -0.000140 -0.000527 0.000806 0.002374 -0.000004 0.000206 -0.001066 0.000532 -0.000951 0.000121 -0.001274 0.000040 0.001628 0.001449 0.000421 -0.000306 0.001261 -0.001146 -0.002086 0.000890 0.000480 0.000562 -0.000267 0.000549 0.000992 -0.000908 0.001083 0.009144 0.012094 -0.006612 0.003258 0.000424 0.016501 0.021881 0.002452 -0.002390 0.007774 0.025106 0.025432 0.012516 0.005383 0.006620 0.020645 0.015093 0.009489 0.003825 0.002620 0.020511 0.009898 0.005782 0.000673 -0.013718 -0.002737 0.004928 -0.006557 -0.005016 0.008107 0.015062 0.017136 0.005890 0.003455 0.016172 0.019534 0.013873 0.008257 0.003497 0.002838 0.014325 0.010638 0.005572 -0.002350 -0.003991 0.010160 0.008795 0.001942 -0.000482 0.000379 -0.001175 0.000781 0.000464 -0.001527 0.000702 0.000009 -0.001727 -0.000496 0.000663 -0.000372 0.002136 0.000463 -0.000409 -0.000285 -0.002517 0.000912 -0.001203 -0.000319 -0.000020 0.002412 -0.001006 0.000670 0.000269 -0.000576 0.000026 -0.002642 0.011775 -0.003711 -0.013977 0.009436 -0.006036 0.009066 0.000485 -0.008186 0.023598 0.006875 0.010036 0.002610 -0.003808 0.017236 0.010206 -0.000714 -0.012386 -0.008808 -0.005284 0.007107 -0.000712 -0.008205 -0.008366 0.027257 0.037092 0.041434 -0.019868 0.076865 0.025622 0.003314 -0.005123 -0.013886 0.101946 -0.012038 -0.006416 0.014686 -0.054068 0.071607 -0.016989 0.008056 0.022799 -0.079736 0.091208 0.003149 0.015363 -0.019515 -0.048965 0.070049 0.001140 -0.000279 0.000292 0.000424 0.000170 -0.000366 0.001666 0.000792 0.000274 0.000484 -0.000662 -0.000576 -0.000062 0.000732 0.001762 0.000634 -0.001061 -0.000802 -0.001248 -0.000523 0.002300 0.002427 -0.001251 0.000579 -0.001532 -0.004851 -0.009955 -0.011603 -0.006061 -0.003908 0.006983 -0.028175 -0.026586 -0.032304 0.000440 0.011900 -0.035755 -0.005053 -0.032728 -0.015332 0.005183 -0.042576 -0.051039 -0.039167 -0.014727 -0.003375 0.001310 0.007362 0.003668 -0.003599 0.003504 -0.003877 0.012306 0.009954 0.017932 -0.018450 -0.025659 0.018890 0.041621 0.024993 -0.027590 -0.034086 0.032430 0.051868 0.000442 -0.017011 -0.017482 0.032155 0.040146 -0.030302 0.000764 -0.014878 0.018598 0.005631 -0.050415 0.001176 -0.019157 -0.017212 0.037281 0.004812 -0.034735 -0.003526 0.027711 -0.010012 -0.020930 0.060066 0.067170 0.065358 0.067697 0.073049 0.008212 -0.032942 -0.022287 0.012264 0.019604 -0.032929 -0.045444 -0.015490 -0.012384 -0.004792 0.001402 -0.001450 0.000125 0.001175 0.000140 0.001154 0.001341 -0.002449 0.000578 -0.000784 0.001436 -0.000885 -0.000344 -0.000340 0.000219 0.000983 0.000208 0.000245 -0.001073 -0.000324 -0.002065 -0.000530 0.000780 -0.000005 0.000241 -0.000078 0.003110 0.003220 0.000100 0.002296 -0.000582 0.001424 0.003647 0.001187 0.005190 -0.002340 0.001345 0.001906 0.002479 0.005742 -0.000608 0.000034 -0.000034 0.000142 0.003919 0.000158 0.003289 0.001176 -0.000680 0.004838 0.043451 0.023433 0.014638 -0.000601 -0.008117 0.006740 -0.004204 -0.014838 -0.024715 -0.022026 0.020551 0.011063 -0.015896 -0.018339 -0.003531 0.046714 0.040678 -0.001789 0.009130 0.013594 0.008873 0.005131 -0.025108 0.001898 -0.003451 -0.000774 -0.000458 -0.000287 -0.000286 -0.000304 -0.001094 -0.000916 0.000808 0.001488 -0.001175 0.000471 0.001110 -0.001508 0.000204 0.002870 0.001014 0.002869 -0.000124 0.000020 -0.000262 -0.000469 -0.000862 0.000349 0.000689 -0.000109 0.001063 0.018595 -0.002056 0.003939 0.010600 0.008930 -0.003430 -0.021174 -0.004789 0.017609 -0.001962 -0.040371 -0.053486 -0.026398 0.015753 0.004890 -0.028567 -0.052390 -0.032301 0.016336 0.005914 0.014017 0.015583 0.011294 -0.002421 0.015407 0.064312 0.049073 -0.004992 -0.029014 -0.018651 -0.042050 -0.045824 -0.022091 -0.038967 -0.039720 -0.031036 -0.062372 -0.046269 0.019121 -0.050258 0.001409 -0.048402 -0.049961 0.060789 -0.012726 -0.066775 -0.067997 -0.016871 0.008415 -0.048282 -0.037748 -0.092442 -0.005141 -0.039371 -0.006001 -0.038216 -0.076533 0.041591 -0.013692 -0.116658 -0.070650 0.097303 0.011549 -0.101980 -0.099935 0.040765 0.042943 -0.111034 -0.091346 -0.041590 0.001695 -0.095771 0.008242 -0.124282 0.002909 -0.003363 0.012633 0.014427 0.007474 0.004595 -0.005028 0.008257 0.001244 0.005618 0.011186 -0.004082 -0.000625 -0.006082 0.001535 0.005657 -0.009279 -0.007321 -0.000313 0.002935 0.007736 0.002736 0.005622 0.003647 -0.014490 0.040916 0.043628 -0.001180 -0.013548 0.039431 -0.012036 0.097846 -0.011027 0.120231 0.032853 -0.002825 -0.014600 -0.005369 -0.026234 0.033846 -0.003922 0.103365 -0.042533 0.017779 0.019553 0.032922 -0.017513 0.015542 -0.028132 0.055488 -0.061985 -0.034322 -0.010731 -0.004767 0.017386 0.032046 0.020122 -0.007107 0.014642 -0.005829 0.040047 0.025348 -0.058471 0.021156 -0.015550 -0.014682 -0.024304 -0.042675 0.014221 0.007014 -0.037202 -0.031161 -0.044045 -0.040724 0.005719 -0.097597 -0.111955 -0.078261 -0.067667 -0.047265 -0.049899 -0.102929 -0.188427 -0.078592 -0.082058 -0.043556 -0.071054 -0.012832 -0.079620 -0.073625 -0.053354 -0.055248 -0.027163 -0.070501 -0.056509 -0.000876 -0.020667 -0.030691 -0.010591 