<?xml version="1.0" encoding="utf-8"?>
<opencv_storage>
   <weights_conv2_13 type_id="opencv-matrix">
      <rows>64</rows>
      <cols>25</cols>
      <dt>f</dt>
      <data>-0.037486 -0.032383 -0.017839 -0.016817 -0.021693 -0.037160 -0.029336 -0.014651 -0.016506 -0.024640 -0.025652 -0.022937 -0.025759 -0.024308 -0.028351 -0.014932 -0.018885 -0.029612 -0.032716 -0.026527 -0.019306 -0.022855 -0.029179 -0.032785 -0.029753 -0.015195 -0.034005 -0.043963 -0.019025 0.001276 -0.026611 0.002824 0.023685 0.014340 -0.015492 -0.032382 0.031984 0.072622 0.025555 -0.039061 -0.010327 0.019953 0.030107 0.004173 -0.027119 0.005108 -0.017298 -0.043919 -0.033688 -0.014631 -0.007332 0.012480 -0.010825 -0.006774 0.006336 -0.020726 0.017222 0.003172 -0.009278 0.002920 -0.023206 0.030532 0.020007 -0.013046 -0.008768 -0.020471 0.027645 0.005696 -0.019002 -0.007474 -0.012123 0.014566 -0.015148 -0.021062 -0.003565 0.060063 0.042140 0.017330 0.049040 0.030233 0.081856 0.054356 -0.045493 0.012166 0.001504 0.059837 -0.006855 -0.112148 0.023263 -0.030060 0.055588 0.015403 -0.029415 0.085177 -0.005022 0.046499 0.023791 -0.047201 -0.008836 -0.043479 0.001400 -0.004152 -0.002381 0.002523 0.002230 0.001849 0.005080 0.004064 0.001337 -0.000648 0.003692 0.013423 0.010942 -0.000134 -0.007489 0.000436 0.006570 0.010189 -0.000300 -0.007893 -0.003973 -0.006644 -0.002624 -0.000155 -0.003503 -0.002343 -0.044437 -0.072595 -0.039330 -0.005147 -0.036340 0.021942 0.059568 0.024181 -0.042406 -0.061217 0.064566 0.152482 0.059100 -0.074848 -0.015598 0.045165 0.078470 0.030656 -0.041521 0.017386 -0.018724 -0.057559 -0.039450 -0.009196 -0.005204 -0.050245 -0.116500 -0.058400 -0.014522 0.060882 0.008852 -0.100192 0.011771 0.058313 0.066977 0.054912 -0.006631 0.084031 0.079147 -0.004928 -0.019783 -0.064333 -0.022419 -0.014038 0.027699 0.015026 -0.022697 0.004761 0.040499 -0.023961 -0.043597 -0.055053 -0.034881 -0.015469 -0.037699 -0.010469 0.011422 -0.003634 -0.034946 -0.050239 0.005622 0.051450 0.012562 -0.054419 -0.028410 -0.000908 0.010591 -0.009865 -0.038766 -0.013036 -0.034769 -0.059625 -0.047145 -0.028399 0.014735 0.017428 0.015721 0.014256 0.010317 0.007325 0.006307 0.007738 0.005393 0.004812 0.001517 -0.003902 -0.001321 0.000048 -0.000039 -0.002957 -0.006682 0.000184 0.004332 -0.003807 0.007689 0.010490 0.016490 0.016305 0.013629 -0.010897 -0.042207 -0.064477 -0.035659 -0.012322 -0.039951 0.012274 0.050736 0.017970 -0.044760 -0.058839 0.047224 0.126110 0.048693 -0.067558 -0.018195 0.026995 0.056382 0.021883 -0.029836 0.007256 -0.026112 -0.058204 -0.036768 -0.006583 0.016142 0.010718 0.012952 0.012337 -0.003233 -0.009045 -0.022159 -0.018786 -0.013886 -0.026197 -0.001106 -0.017502 -0.019079 -0.012896 -0.025121 0.012118 -0.005053 -0.006528 0.015786 0.004889 0.041412 0.033999 0.033739 0.041983 0.026338 -0.001428 -0.001766 0.000048 0.000431 -0.001978 0.001015 -0.000948 -0.000945 -0.000371 0.000094 -0.000705 -0.000652 -0.000440 -0.000703 0.001232 0.001004 0.000462 -0.000446 -0.001338 0.000675 0.000304 0.000090 -0.000226 -0.000015 0.000628 0.001498 0.000762 0.000010 -0.001071 -0.000129 0.000683 0.000606 -0.000727 0.001073 0.000750 0.001400 0.000565 0.000336 0.001763 0.000638 -0.001442 0.000047 -0.000697 0.001127 -0.000378 0.000084 -0.000988 -0.000194 0.000165 -0.000583 -0.016301 -0.018510 -0.015751 -0.013645 -0.014451 -0.012384 -0.014100 -0.017250 -0.013774 -0.016199 -0.015710 -0.018145 -0.017978 -0.017965 -0.015920 -0.016991 -0.016432 -0.016711 -0.016058 -0.017224 -0.020611 -0.019337 -0.018069 -0.019554 -0.016556 -0.004729 -0.006354 -0.005552 -0.000998 -0.003294 -0.006262 -0.004597 -0.005338 -0.005856 -0.004527 -0.003483 -0.005127 -0.005691 -0.005454 -0.007219 -0.004338 -0.005441 -0.004781 -0.006001 -0.006715 -0.004524 -0.007204 -0.005823 -0.005625 -0.005346 -0.000739 -0.001080 0.000347 -0.001639 -0.000647 -0.000270 0.000484 0.000409 -0.000410 -0.000624 -0.000991 -0.000349 -0.001565 0.000164 -0.000541 -0.000082 -0.000019 0.000262 -0.000422 0.000190 0.000716 -0.000034 0.001223 -0.002494 -0.000590 -0.001014 -0.009793 -0.017023 -0.019017 -0.014952 -0.005988 -0.005157 -0.004853 -0.009891 -0.015819 -0.018677 -0.008132 0.003835 -0.000485 -0.014427 -0.021679 -0.010831 -0.003055 -0.003700 -0.010663 -0.019430 -0.016014 -0.015667 -0.013183 -0.007140 -0.019603 -0.018560 -0.018177 -0.008453 -0.002669 -0.016942 -0.014659 -0.007293 -0.000729 -0.002942 -0.016013 -0.009620 -0.004144 -0.006053 -0.011908 -0.008929 -0.004547 -0.005774 -0.012743 -0.013594 -0.004929 -0.009252 -0.016489 -0.018374 -0.015203 0.000085 0.000845 -0.000185 0.000823 -0.001921 -0.002031 -0.001257 0.001785 -0.001361 -0.001845 0.000817 0.001016 0.000130 0.001697 -0.001998 -0.000879 0.000798 -0.000727 0.000416 -0.001649 -0.000817 -0.001447 0.001940 0.000036 0.000415 -0.001374 -0.014102 -0.030718 -0.018235 0.000363 -0.016075 0.023853 0.039236 0.011847 -0.014775 -0.029489 0.045923 0.087372 0.031431 -0.033151 -0.006398 0.026137 0.044175 0.017427 -0.011658 0.007467 -0.007866 -0.029439 -0.018618 0.003014 0.000055 -0.000612 0.000668 0.000730 -0.000230 0.000199 0.000074 0.000544 -0.000650 0.000222 -0.001932 -0.000013 -0.001403 -0.000199 -0.001521 -0.001026 -0.001527 -0.000063 -0.000497 -0.001677 -0.001301 0.001301 0.000081 -0.000795 -0.000869 -0.031762 -0.027495 -0.017578 -0.010645 -0.010236 -0.029294 -0.025527 -0.016298 -0.010864 -0.015674 -0.023005 -0.019879 -0.019904 -0.021224 -0.025239 -0.018208 -0.012852 -0.015945 -0.022371 -0.027039 -0.013180 -0.013118 -0.014179 -0.019206 -0.026582 0.002327 -0.001449 -0.001053 -0.000301 0.000217 0.000754 -0.000711 0.000175 -0.000040 0.001302 0.000220 -0.000305 0.000840 0.001078 0.000859 0.000526 -0.001870 0.001669 -0.000337 0.001720 0.000391 -0.001490 -0.001418 0.001124 0.000749 -0.000811 -0.000848 0.000314 0.000158 0.001748 0.000590 0.000053 0.000857 0.002674 -0.000211 0.002177 0.000759 -0.000480 -0.000049 0.000110 -0.000863 0.001026 -0.001277 0.001123 0.000251 0.000549 -0.000041 0.000637 0.000726 0.000040 -0.017677 -0.010913 0.001325 0.002468 -0.006342 -0.014268 -0.009693 -0.002263 0.000946 -0.003692 -0.006487 -0.006859 -0.007939 -0.003973 -0.007544 -0.007061 -0.003308 -0.007040 -0.015523 -0.019683 -0.009206 -0.003960 -0.003984 -0.013385 -0.024404 0.000305 0.000048 0.000532 -0.000614 0.001349 -0.001194 0.000321 -0.001090 -0.000720 -0.000732 0.000963 -0.000120 -0.001317 0.000253 0.000495 0.001513 0.000058 -0.000508 -0.001088 0.001850 -0.000702 -0.000563 0.000073 0.000746 0.000053 -0.011421 -0.026487 -0.032710 -0.015623 -0.002935 -0.025674 0.005352 0.030107 0.009613 -0.025591 -0.029445 0.028652 0.066535 0.022757 -0.040852 -0.005151 0.015480 0.021240 0.001406 -0.025808 0.003260 -0.022751 -0.045059 -0.032851 -0.013101 0.035535 0.046115 0.044645 0.016631 0.023153 -0.008584 -0.027613 -0.014145 -0.001616 0.021999 -0.034725 -0.012967 -0.016925 -0.028329 0.022361 -0.029444 0.021605 0.005248 -0.037178 0.022081 -0.019176 -0.029617 -0.030960 -0.021766 0.029987 -0.004260 -0.000924 -0.002817 -0.002327 -0.001108 -0.000822 0.003546 -0.004686 -0.001109 0.002787 0.005091 0.000705 -0.008996 -0.000992 0.002306 0.004070 -0.006185 -0.005677 0.000531 0.001771 -0.000320 -0.002927 -0.000784 0.002998 -0.002518 -0.003550 -0.007386 -0.011688 -0.010760 -0.010630 -0.008317 0.008923 0.015044 -0.001215 -0.021120 -0.010815 0.013845 0.027683 0.002262 -0.025822 -0.006193 0.001092 0.006371 0.001233 -0.012047 -0.013098 -0.018664 -0.018550 -0.008063 -0.001890 -0.018554 -0.056800 -0.096133 -0.048798 -0.014106 -0.058067 0.037688 0.097022 0.047422 -0.044505 -0.101418 0.093146 0.213282 0.098667 -0.090340 -0.037275 0.057135 0.107953 0.052505 -0.042082 0.005379 -0.033376 -0.091640 -0.053687 -0.012629 -0.022744 0.004164 -0.035481 0.003557 -0.001542 -0.023479 0.022431 -0.042393 0.005911 0.011053 -0.021974 0.031158 -0.055626 -0.005409 0.017122 -0.027376 0.028279 -0.044237 -0.008043 0.008814 -0.031441 0.008350 -0.023521 0.002073 0.002628 -0.012573 -0.022987 -0.027286 -0.013283 -0.004180 -0.022843 0.007721 0.027607 0.009500 -0.018825 -0.021580 0.034771 