<?xml version="1.0" encoding="utf-8"?>
<opencv_storage>
   <weights_conv2_30 type_id="opencv-matrix">
      <rows>64</rows>
      <cols>25</cols>
      <dt>f</dt>
      <data>0.020155 -0.028971 -0.051748 -0.034584 -0.025024 0.014431 -0.005422 -0.019497 -0.011407 -0.015018 -0.022423 -0.018086 -0.012144 -0.010535 -0.012319 -0.045175 -0.019168 0.006317 0.024599 -0.009578 -0.022075 -0.015837 -0.028569 0.015169 -0.002486 0.004862 -0.031418 -0.030649 0.038462 0.117061 -0.013071 0.018725 0.021039 0.009603 0.006433 -0.019791 0.020654 0.054507 0.034514 -0.018233 0.021980 0.016442 0.039191 0.042416 -0.039715 0.064879 0.030277 0.014928 0.010540 -0.056632 -0.036761 -0.052212 0.044071 -0.004031 -0.021571 0.033340 -0.018362 0.021949 -0.040337 -0.004851 -0.009400 0.031383 -0.049196 0.045567 0.008891 -0.094322 0.066563 0.025142 0.068922 -0.049662 -0.043450 0.011981 -0.021434 0.041720 -0.038191 -0.011327 -0.005725 -0.009604 -0.016543 -0.010743 -0.013548 -0.010108 -0.008269 -0.013687 -0.015231 -0.024109 -0.017279 -0.002490 -0.000751 -0.009933 -0.015524 -0.009736 -0.002961 0.006870 -0.004664 -0.001530 -0.006051 -0.008309 -0.003610 -0.011432 0.000958 -0.073540 -0.067069 -0.004252 0.011285 -0.042224 0.014356 -0.008289 -0.043259 0.020729 0.002187 -0.042739 0.011842 -0.009633 -0.017840 -0.057331 -0.022526 -0.022865 0.069739 -0.083248 -0.150334 -0.052858 -0.057351 0.004692 -0.074804 0.015139 -0.005751 -0.035278 -0.080549 -0.033469 0.038402 0.016940 0.059057 -0.041702 -0.079746 -0.003770 0.000258 0.067967 0.053416 -0.050955 -0.033280 -0.083745 0.035774 0.076890 -0.033915 0.069487 -0.085784 -0.071022 0.016292 -0.007179 0.046341 -0.135450 -0.129204 0.117676 -0.009184 -0.007079 0.215419 -0.165036 -0.189229 0.016693 -0.088044 0.081858 0.121357 -0.089075 0.012433 -0.016448 -0.019253 -0.014751 0.008677 0.025311 -0.000549 -0.052319 -0.015989 -0.000936 -0.016957 -0.001212 0.010358 -0.014304 -0.007637 0.032793 0.008653 0.041747 0.036037 0.010608 -0.003721 -0.005928 0.009838 0.028307 0.017905 -0.004674 -0.013487 -0.009084 0.012564 0.039682 -0.001175 0.015040 -0.025299 -0.023167 0.036469 0.021227 0.049077 -0.015657 -0.004185 0.018041 -0.046101 0.058220 -0.028408 -0.058104 0.024515 -0.031050 0.040134 0.022213 -0.021991 -0.026166 -0.037668 0.026031 0.048293 0.067660 0.047003 0.018981 0.015507 0.032840 0.039028 0.041908 0.029887 0.000734 0.018781 -0.027276 -0.036637 0.021155 -0.017800 0.014848 0.025027 -0.001032 0.003763 -0.016651 -0.001439 0.051612 0.037266 -0.010440 -0.019283 -0.019890 0.045063 0.087739 -0.012483 0.037461 -0.029427 -0.019452 0.057428 -0.017168 -0.008454 -0.003186 -0.001374 -0.000139 0.002782 0.007882 0.015089 0.019537 0.014660 0.011375 0.007974 0.011983 -0.000905 -0.008641 -0.009409 0.019281 0.014920 0.008324 -0.001521 -0.009268 0.019545 0.004579 0.009107 0.013303 0.009132 -0.000246 -0.000572 0.000745 0.000065 0.000425 -0.002835 -0.001058 0.000167 0.002046 0.000019 0.000322 -0.000198 -0.001596 -0.001374 -0.000081 0.000078 0.000455 -0.000804 0.000461 0.000025 0.001411 0.000361 -0.000495 0.000098 -0.001178 0.000544 0.001094 0.000574 0.000508 -0.000283 0.000296 -0.000584 -0.000796 -0.000169 -0.000434 0.000076 -0.000758 -0.000125 0.000359 -0.001113 -0.000542 0.001154 0.001076 0.000622 -0.000241 0.000297 0.000456 0.000517 0.001172 0.001102 -0.010475 -0.008253 -0.019857 -0.022453 -0.033245 0.006561 0.006575 -0.003385 -0.003371 -0.006143 -0.000809 -0.003142 -0.011618 0.001823 0.009083 -0.022798 -0.014058 -0.016964 -0.003929 0.000284 -0.056706 -0.042444 -0.028639 -0.009257 -0.009644 -0.010459 -0.000981 -0.000343 -0.004029 -0.021575 0.000005 0.001672 0.005590 0.005332 -0.009330 -0.012726 -0.004650 -0.002726 0.006471 0.006078 -0.014097 -0.004898 -0.005272 0.003865 0.007835 -0.008550 -0.008463 -0.012291 0.000221 0.000763 0.000561 0.001453 0.000356 -0.001215 -0.000939 0.001923 0.000014 -0.001156 0.000949 0.000247 0.002001 -0.002067 0.000754 -0.000008 -0.000070 -0.001418 0.001179 -0.001135 0.000562 -0.000229 0.000177 -0.000912 0.000521 0.000089 -0.001791 -0.023780 0.010309 -0.010031 -0.011448 -0.037624 0.009171 0.007408 -0.002870 0.023668 0.010576 0.017328 0.007919 -0.003283 0.025367 0.005155 -0.017956 0.000252 0.007396 0.040501 0.005505 -0.051828 -0.011039 -0.000148 0.033885 -0.001154 -0.046053 -0.006952 -0.090414 -0.007227 0.055497 0.046758 0.002475 -0.062064 -0.008851 0.005637 0.009069 -0.043566 0.020382 0.031808 -0.051633 -0.068722 -0.078391 0.055005 0.122454 0.062236 -0.005493 -0.032344 0.000875 0.107021 0.051683 -0.000537 -0.000009 0.001065 -0.000632 -0.000882 -0.000014 -0.000730 -0.000632 0.000433 -0.000744 0.000342 0.002112 -0.000838 -0.001334 0.000367 -0.000009 0.000228 0.000487 -0.001547 0.001255 0.000701 0.000337 0.001163 -0.000059 0.000239 -0.005826 0.003700 -0.010729 -0.004736 0.003248 0.013293 0.018676 0.006936 -0.017870 -0.001366 -0.000416 -0.015672 0.019224 -0.003057 -0.014674 0.001819 -0.040908 -0.024844 0.008732 0.001913 0.013945 0.005484 0.003494 0.017683 0.003358 0.030470 0.006675 -0.024680 -0.004951 -0.000368 0.008192 0.011437 0.000794 0.008415 0.000775 0.003752 0.011425 0.000995 0.000690 0.000883 0.002853 0.033030 0.009481 -0.011991 -0.010939 0.001113 0.041585 0.006742 -0.018537 -0.001201 0.032804 -0.069598 -0.015037 0.049304 -0.011138 0.022925 0.005636 0.032562 0.001192 -0.013106 -0.027963 -0.051871 -0.023275 -0.009874 -0.048319 0.044525 0.036008 0.019294 -0.001475 0.012683 0.033056 0.047567 0.015730 -0.046594 0.010649 0.000238 -0.000565 0.000044 0.001198 0.000012 0.001267 0.000746 -0.001016 -0.000614 -0.000212 0.001484 0.001085 -0.000045 0.000486 0.000840 0.000370 0.001455 -0.000119 -0.000631 0.000936 0.001181 0.000264 -0.000109 -0.000016 0.002778 0.005246 0.002290 -0.003093 -0.003771 0.000123 0.004209 0.003643 -0.001805 -0.003591 0.000058 0.001464 0.001763 -0.004052 -0.003044 -0.000404 0.002471 0.001705 -0.003757 -0.000442 -0.000369 0.004637 0.003781 -0.002710 -0.002663 0.002081 -0.002924 -0.005584 0.012457 0.005790 0.021562 -0.032776 -0.011296 -0.031240 -0.060791 -0.043922 0.006932 0.024671 0.004494 -0.013148 -0.029514 -0.021437 -0.003519 0.008943 0.019503 -0.009101 -0.030108 -0.008767 0.015838 0.023241 0.024147 -0.000108 -0.000761 0.000364 0.001172 0.001261 -0.000912 0.000865 -0.000251 0.002286 -0.002443 0.001672 0.000442 -0.001124 -0.001109 -0.000898 0.001330 -0.001364 -0.001034 0.000756 0.000722 0.000489 -0.000717 0.000270 0.000439 0.000413 0.016775 0.011479 -0.028505 -0.024882 0.029932 0.009574 0.042065 0.027145 -0.009077 -0.016776 0.009014 0.028552 0.046767 0.016914 -0.013285 -0.000590 -0.003865 0.017815 0.026593 -0.013764 0.022450 -0.036654 -0.041684 0.007625 0.010886 -0.063476 0.009426 0.046520 0.050465 0.043039 -0.012372 0.000989 0.008834 0.066835 -0.007797 0.007710 0.055490 0.001874 0.018844 0.028340 -0.058645 0.009799 0.025435 -0.005425 0.024988 -0.012543 -0.058016 0.008773 0.016583 -0.032051 0.039196 0.004990 -0.018548 0.079556 0.051638 -0.011373 -0.018965 0.008886 0.068415 0.041436 0.021218 -0.007059 -0.063978 -0.050166 -0.056012 0.026486 0.035314 -0.003611 0.021077 -0.052598 0.051620 0.078702 0.016380 -0.006550 -0.007048 -0.026079 0.035518 0.031849 -0.022926 -0.053930 -0.035571 0.019008 0.033835 0.006573 0.003211 0.002995 0.020994 0.031061 0.011596 0.032850 -0.015844 -0.005348 0.013908 0.011798 0.030244 -0.032974 -0.039362 -0.007904 0.013873 0.011559 0.055744 -0.000614 -0.073170 0.006840 0.026198 0.009370 0.079049 0.012267 -0.031424 0.023304 -0.004318 -0.021393 0.107799 -0.016394 -0.066010 0.029321 -0.075762 -0.082137 0.099593 -0.062170 0.086137 0.043428 -0.081988 -0.005303 -0.010442 0.010486 -0.033398 0.038637 -0.028525 0.043257 0.046371 0.020318 0.008271 -0.019643 0.018235 -0.050178 0.092614 -0.004005 -0.006755 -0.034647 0.032821 0.081428 0.038225 -0.020217 -0.037358 -0.047874 0.007566 0.079226 0.035545 -0.019090 0.020785 -0.024913 -0.023753 -0.011667 0.037528 0.019165 -0.078039 0.032676 -0.043550 -0.095653 0.061650 0.051460 0.054498 -0.005463 -0.019437 -0.037493 0.116607 0.100252 0.043135 0.038779 -0.134561 -0.095196 -0.083531 0.008746 