<?xml version="1.0" encoding="utf-8"?>
<opencv_storage>
   <weights_conv2_7 type_id="opencv-matrix">
      <rows>64</rows>
      <cols>25</cols>
      <dt>f</dt>
      <data>-0.034653 -0.108781 0.005266 -0.002783 -0.005526 -0.037595 -0.116703 -0.007844 0.007571 -0.045690 0.023589 -0.005507 0.089170 0.060131 -0.021524 0.025558 0.005775 0.044120 0.018823 0.009976 0.015886 -0.040565 -0.059005 -0.017655 0.026347 0.029090 -0.085960 -0.080720 -0.021036 -0.013046 -0.125897 -0.055274 0.042491 0.097326 0.088344 -0.048001 0.064405 0.030546 0.046998 0.034859 0.052741 0.126328 0.036136 -0.047666 -0.029077 -0.028268 0.052303 0.053004 -0.017388 0.054573 0.093524 -0.186898 -0.083234 -0.019207 0.113321 -0.139623 -0.217062 -0.099844 -0.134759 0.006471 -0.134603 -0.042907 0.057645 -0.093914 0.202866 0.001128 0.032921 0.035949 0.014184 0.170419 -0.079977 0.028291 0.021415 0.084814 -0.102465 0.026144 0.039932 0.026975 0.057969 0.044235 0.064570 0.048084 -0.036455 0.000219 0.009642 0.053611 -0.007409 -0.087478 0.005832 0.002498 0.055869 0.018748 -0.013531 0.069543 0.033100 0.040688 0.030076 -0.013916 0.007687 -0.015399 -0.154518 -0.195133 -0.116797 -0.083571 -0.185660 -0.190198 -0.143185 0.058638 -0.090218 0.066136 0.103853 0.035442 0.167790 -0.090207 -0.082968 -0.020853 0.094242 0.036385 0.027820 -0.023019 -0.211230 -0.164418 -0.122898 -0.141094 -0.072003 0.077156 -0.077453 -0.085325 -0.099807 -0.163073 -0.055144 -0.156162 0.033835 0.096027 -0.035882 -0.048274 0.095981 0.100097 0.019591 -0.048705 0.033706 0.241340 0.063438 -0.144809 -0.031715 -0.135555 -0.052840 -0.086839 -0.075790 0.153370 -0.385344 -0.274481 -0.575017 -0.248717 0.329920 -0.190962 -0.257067 -0.204178 -0.069824 -0.077728 0.048706 0.126543 0.226613 0.099416 0.230247 0.072997 0.125352 0.058942 0.045551 0.195015 -0.037500 -0.126930 -0.152608 -0.067873 0.035913 0.034409 -0.066289 -0.039152 -0.021143 -0.044692 -0.088132 -0.104883 0.020611 0.078078 0.019623 -0.013950 0.042761 0.042165 0.036189 0.008484 0.054367 0.131168 0.062027 -0.063325 -0.016972 -0.041154 -0.022128 -0.000010 -0.055597 0.061578 0.041126 -0.038925 -0.013884 -0.017272 -0.052073 0.057432 -0.082037 -0.050058 -0.074730 -0.060996 0.018013 -0.101010 -0.124220 -0.117353 -0.023671 0.042029 0.047523 0.080811 0.089723 0.071477 0.091730 0.058953 0.072188 0.066446 0.032693 0.110702 0.003525 0.017295 -0.013123 -0.008217 -0.010356 -0.092988 0.011201 0.070610 0.041698 -0.003262 0.073995 0.059258 0.026129 -0.001763 -0.012570 0.163322 0.070788 -0.094209 -0.034565 -0.126034 -0.046451 -0.033148 -0.028878 0.117108 0.029450 0.023975 0.021426 0.025107 0.020809 0.034147 0.052762 0.059620 0.068433 0.063754 -0.043784 -0.066066 -0.079373 -0.047613 -0.038544 -0.046561 -0.062581 -0.053659 -0.024833 -0.030064 0.030339 0.023092 0.025864 0.032804 0.019962 -0.001269 -0.002299 -0.000540 0.000119 0.000813 -0.000551 -0.000555 -0.000177 -0.000232 -0.001205 0.000323 0.002101 0.000030 -0.000268 0.000355 0.000224 0.000380 -0.000485 0.000394 0.000944 0.000856 0.001687 0.000057 -0.002232 -0.001175 -0.000613 -0.001534 0.001916 0.001404 -0.001417 -0.000611 0.000799 -0.000783 -0.000074 0.003201 -0.001120 0.000915 0.000836 0.000364 0.000367 0.000027 0.000330 -0.000107 -0.000837 0.000253 -0.001004 -0.000964 0.001482 0.000517 0.002101 -0.020220 -0.046758 -0.021681 -0.000170 0.005250 -0.007452 -0.032681 0.005981 0.024268 -0.005575 0.022862 0.004147 0.009556 0.013297 0.011358 0.028827 0.025147 0.005236 0.003667 0.026160 -0.002820 0.002693 0.000386 -0.017855 -0.016975 0.014733 0.005694 0.016398 0.024750 -0.003962 0.031873 0.025879 0.010990 0.008291 -0.015757 0.022193 0.004004 -0.018313 -0.009217 -0.005800 0.004147 -0.006142 -0.017615 -0.001856 0.009762 0.006531 -0.004389 -0.009736 -0.003590 -0.001873 0.000729 0.000577 0.001193 -0.000670 0.000081 0.001663 0.001568 -0.001191 -0.000593 -0.000670 0.000971 -0.000227 0.000934 -0.001141 0.001018 -0.000589 -0.000793 -0.000112 -0.000841 -0.000445 -0.000601 -0.000960 -0.001743 -0.001504 -0.000436 -0.022335 -0.005554 0.004206 0.000590 0.006374 -0.012315 -0.075064 -0.003642 -0.012518 -0.043786 -0.026802 -0.010680 0.024479 -0.056326 -0.026739 -0.023153 0.020993 -0.000407 -0.061430 0.019132 -0.025939 -0.056610 -0.050755 -0.026090 0.031795 0.014145 -0.128006 0.009975 0.037071 -0.081939 -0.118401 -0.068026 -0.079262 0.115175 -0.099934 0.005942 0.049918 -0.045752 0.045000 -0.171291 0.030769 0.059182 -0.078587 -0.040749 -0.035647 0.016293 0.026016 -0.024745 -0.003011 0.014108 0.000609 -0.000037 0.002121 -0.001265 0.000105 -0.000832 0.000100 0.000149 -0.000332 0.000284 0.001393 0.000323 -0.002407 -0.000246 -0.000175 0.000535 0.000118 0.000582 -0.000923 0.003171 -0.001443 0.000134 -0.001336 -0.001187 0.000221 0.106259 0.003335 -0.045103 -0.015164 -0.001518 0.025944 -0.052448 -0.017091 0.002147 0.009640 0.000940 0.007389 0.061375 0.007813 -0.009814 0.041181 0.046299 0.042205 -0.025506 -0.000443 0.042317 0.033173 0.015840 -0.003437 0.038925 0.072812 -0.034914 0.012297 -0.023718 0.017489 0.041493 0.034095 0.015288 -0.014659 0.069781 0.001958 0.003630 -0.020023 0.005792 0.073870 0.047889 0.036333 0.011219 0.014106 0.067333 0.028168 0.009594 0.007407 -0.035990 0.087540 0.095816 -0.097526 -0.082959 -0.009208 -0.010992 0.098641 -0.021431 0.136048 0.150315 0.093422 -0.037005 0.065333 0.050183 -0.089180 0.065089 0.012193 -0.010881 -0.090239 -0.018441 -0.014043 0.044773 0.109781 0.083526 0.080315 0.051590 -0.001447 -0.000642 -0.000544 0.001960 0.001680 -0.000130 -0.002010 0.001276 0.001376 -0.000772 -0.000081 0.000522 0.001018 -0.001554 -0.000482 -0.000541 0.000680 -0.000648 -0.002439 0.000155 0.001123 0.000540 -0.000083 0.000599 0.002010 -0.001525 -0.010656 -0.016463 -0.014358 -0.007527 -0.005361 -0.013580 -0.020558 -0.017849 -0.007287 -0.007200 -0.015739 -0.020111 -0.016006 -0.008539 -0.007754 -0.016516 -0.018295 -0.017347 -0.008329 -0.007906 -0.012881 -0.018589 -0.017541 -0.009390 -0.035474 0.000059 0.014567 -0.040864 -0.019405 -0.069431 -0.070138 -0.011189 -0.042403 -0.058691 -0.002721 -0.062987 0.017406 0.013672 -0.057138 -0.023248 -0.060139 0.025381 0.034639 -0.030927 -0.001216 -0.023014 -0.009573 0.000258 0.000053 -0.000098 -0.001483 -0.000261 -0.001485 -0.000544 -0.000809 -0.001720 0.000038 -0.000457 0.002213 0.000132 0.001401 0.000115 -0.000920 -0.000680 -0.000408 0.000849 0.000348 -0.001228 -0.000690 -0.000263 0.000235 0.001513 0.001518 0.001432 0.024409 -0.017472 0.003702 -0.031540 -0.034678 -0.055100 -0.039086 0.029393 0.041754 0.005823 0.000545 0.065603 0.055198 0.023220 -0.038566 0.034062 0.126634 0.068828 -0.058139 -0.032549 -0.060525 -0.015603 -0.024095 -0.030377 0.099360 0.161783 0.122273 0.106403 0.008789 -0.010174 0.156744 -0.130142 -0.068235 -0.073049 0.005309 -0.066623 -0.216804 -0.032022 -0.009386 0.190131 -0.017403 -0.087299 -0.080904 -0.088919 0.107562 -0.034075 -0.062933 -0.068339 0.022090 0.062858 -0.118872 -0.032249 0.042335 0.157619 0.139191 0.172703 0.066230 0.080882 0.108792 0.290154 -0.014896 0.024975 -0.029585 0.082574 0.147027 0.203259 0.096110 -0.015907 0.036953 0.074934 0.133139 0.244330 0.026706 0.099489 0.010532 0.009763 0.040798 0.065731 0.024110 -0.008167 -0.015809 -0.009976 0.023334 -0.004008 -0.018046 0.029058 0.022017 -0.004915 -0.049668 -0.011369 0.000184 0.028334 -0.013265 -0.064226 0.018466 -0.065992 -0.031637 -0.037461 -0.030671 0.050969 0.144969 0.069073 -0.103594 -0.069218 -0.041428 0.153168 -0.462345 -0.117668 -0.018320 -0.168420 0.038435 -0.138114 0.021907 -0.143367 0.048421 0.018139 -0.094200 -0.259629 -0.108164 0.127536 0.001391 -0.096369 0.115481 0.112412 0.090582 0.066096 0.115366 -0.007232 -0.102582 -0.005203 -0.204569 0.156915 -0.004408 -0.062677 -0.014385 -0.102366 0.271789 -0.056075 -0.016047 -0.014792 0.115502 0.018514 -0.058172 0.015275 0.005133 -0.033921 0.010818 0.068512 0.041060 0.010889 0.005554 0.202707 0.212491 -0.075644 0.098099 0.154479 -0.014447 -0.175726 -0.150387 0.028058 0.106518 -0.192098 -0.020166 0.208517 -0.051390 0.234676 0.166421 0.377580 0.189326 -0.080727 0.026823 0.035898 -0.030004 