<?xml version="1.0" encoding="utf-8"?>
<opencv_storage>
   <weights_conv2_21 type_id="opencv-matrix">
      <rows>64</rows>
      <cols>25</cols>
      <dt>f</dt>
      <data>0.021022 0.036247 0.031202 0.024797 0.020904 0.013734 0.019937 0.006325 0.025724 0.045162 -0.018860 -0.016473 -0.016707 0.008013 0.019030 -0.023155 -0.018143 -0.009050 0.011713 -0.005418 -0.018606 -0.015105 0.002378 0.031093 0.007383 -0.021346 -0.018663 -0.016311 -0.057418 -0.048024 -0.014344 -0.027911 -0.022358 -0.040064 -0.019413 0.011360 -0.029806 -0.044983 -0.021921 0.024120 0.009718 -0.022924 -0.035711 -0.035356 0.005931 -0.000011 0.007875 0.013947 -0.030618 -0.014302 -0.061800 -0.101947 -0.051831 -0.018065 0.020359 -0.059975 -0.051601 -0.072170 -0.012261 -0.033000 -0.038288 0.000068 -0.074418 -0.064181 -0.102713 -0.052520 -0.010136 -0.034805 -0.081084 -0.054556 -0.051644 -0.056756 -0.032874 -0.044505 -0.033520 -0.020514 -0.020942 -0.025643 -0.009578 0.000840 -0.020794 -0.039997 -0.036217 -0.014322 0.003359 -0.031251 -0.039750 -0.024379 -0.005926 0.003564 -0.025414 -0.017277 -0.007508 0.011103 0.021932 -0.022336 -0.017305 -0.022499 -0.008176 0.017784 0.029186 0.040402 0.077226 0.032508 0.074464 0.066454 0.013629 0.093937 0.037868 0.025898 0.001173 -0.015234 0.000126 0.036697 0.007083 -0.066376 -0.034341 -0.023860 -0.043599 0.018186 0.054927 0.027483 0.067401 -0.008078 0.035951 0.017109 0.036374 0.081665 0.025062 0.036606 0.029062 -0.002190 -0.011407 -0.016953 0.036132 0.061324 -0.012124 -0.119058 -0.019572 0.086042 0.035455 0.025780 -0.034802 -0.026025 0.060567 0.016631 0.031750 0.043672 -0.006483 0.049781 0.006179 -0.009006 -0.065222 -0.061542 -0.069888 0.019152 0.046274 -0.052316 -0.006008 -0.056589 0.020584 0.002440 0.019919 -0.004797 -0.052540 0.026391 -0.017659 -0.028601 -0.020377 -0.020862 0.011086 -0.022767 0.004473 -0.016182 -0.038765 -0.023799 -0.015153 0.007983 -0.015374 -0.039344 0.009465 -0.017566 -0.007613 -0.004962 -0.008051 0.048664 -0.013544 -0.040110 -0.003565 0.020123 0.014344 -0.019845 -0.028652 -0.014029 -0.011037 -0.011165 0.006687 0.040032 0.019355 -0.013979 -0.010720 0.023538 0.011201 -0.001604 0.020256 -0.025786 0.010521 0.020386 0.028744 -0.002015 -0.006471 0.028451 0.057293 0.072099 0.031490 0.003595 0.012304 -0.008788 -0.012335 -0.020401 -0.025264 -0.025893 -0.042210 -0.045022 -0.036551 0.001246 0.050236 0.078809 0.035380 -0.012086 0.012902 -0.012678 -0.022813 -0.008831 0.024944 0.011570 -0.069429 -0.114958 -0.025036 0.075995 -0.021424 -0.061861 -0.082367 -0.034277 0.038190 -0.021804 0.000676 0.031034 0.010516 0.004624 -0.005951 -0.001543 0.001141 0.000996 0.000014 -0.009901 -0.005187 -0.005761 -0.007219 -0.004264 -0.003152 -0.002441 -0.002486 0.001742 0.003505 -0.004848 -0.004096 0.005466 0.002972 -0.001369 -0.003647 -0.005643 -0.004931 -0.005227 -0.004336 0.000257 0.000980 -0.000715 0.000575 -0.002552 -0.000072 0.001300 0.000599 0.000697 0.000324 -0.000914 0.000681 -0.000313 0.000416 0.000189 0.000332 -0.000535 0.000398 -0.000702 -0.001861 -0.000115 0.001908 -0.002321 -0.001083 0.000183 0.000319 -0.001096 0.000834 0.000088 -0.001384 0.000606 -0.000678 0.001545 0.000637 0.000347 0.000561 -0.001295 0.000833 0.000167 -0.001773 0.000481 -0.001069 -0.000593 0.000274 0.000109 -0.000231 -0.001183 -0.000129 -0.000536 -0.000486 0.007248 -0.007037 -0.008640 -0.009013 -0.020674 0.017423 0.012297 0.017998 0.018652 -0.004748 0.028421 0.023536 0.026237 0.026602 -0.008074 0.022599 0.017793 0.020023 0.019458 -0.011441 0.018741 0.022135 0.025777 0.029881 0.003690 -0.008468 -0.011872 -0.003389 0.007768 -0.001212 0.006111 0.001482 0.008067 0.011183 -0.000441 0.011588 0.002195 0.005698 0.008763 -0.005646 0.004229 0.001320 0.005392 0.010161 -0.008495 0.009736 0.008557 0.019170 0.020094 0.000645 0.000086 0.000452 -0.000899 -0.001352 -0.002655 -0.000153 -0.000444 -0.001996 0.002121 0.000527 -0.000376 -0.000922 -0.000399 -0.000574 0.001470 -0.000152 -0.001295 -0.000205 -0.001050 0.000821 0.000478 0.000483 0.000015 0.003841 -0.000860 0.014504 0.003810 0.009669 0.027973 0.004213 0.017571 -0.002907 0.004714 0.031454 0.017331 0.024339 0.006892 0.004043 0.038129 0.039320 0.016175 0.009654 -0.003007 0.036556 0.041843 0.017043 0.012386 0.009479 0.040662 0.034708 0.013956 -0.017508 0.000635 -0.011985 0.044720 -0.007872 -0.060769 -0.035464 0.049397 0.025685 0.005126 -0.047128 -0.021639 0.015532 -0.005126 0.023128 0.014652 0.026786 -0.033442 0.021815 -0.009009 0.018196 0.026664 0.011056 0.087156 -0.000029 -0.000465 0.000580 -0.000125 0.000506 -0.000222 -0.001010 -0.000921 -0.000355 0.001413 0.000245 0.001068 -0.000707 -0.000119 -0.000361 0.000889 -0.000440 -0.001364 0.000362 -0.000130 -0.001149 0.000226 0.002308 -0.002107 -0.001085 -0.006754 -0.009598 -0.015671 -0.010107 -0.006643 0.005650 -0.030191 -0.024838 -0.032998 -0.003498 0.006466 -0.036378 -0.004051 -0.034007 -0.017372 0.002382 -0.044750 -0.049657 -0.041694 -0.017412 -0.004060 -0.002386 0.000789 -0.004582 -0.009894 0.002706 0.036611 0.035201 -0.008026 -0.005181 -0.009641 0.029105 0.031196 -0.001469 -0.001706 -0.019577 0.032296 0.047467 0.009872 -0.000997 -0.017310 0.035643 0.035106 0.001068 -0.020323 -0.011577 0.017054 0.003455 -0.033458 -0.051349 -0.024366 -0.052152 -0.048250 0.032434 0.001248 -0.001161 0.009696 0.034783 -0.017535 -0.033189 0.004167 0.046293 0.023041 0.007937 0.030116 0.016654 0.058793 0.027158 0.015832 0.011876 -0.026431 0.017568 -0.023073 -0.030062 -0.025375 0.001263 -0.000272 -0.001633 -0.000907 0.000465 0.000067 0.002278 0.000611 0.000486 -0.000114 0.000456 0.000513 0.000347 0.000211 0.000063 -0.000905 -0.001365 -0.001620 0.000643 -0.000683 -0.000420 -0.001644 0.001433 -0.001396 -0.000838 -0.006398 -0.000763 -0.000956 0.000028 -0.001704 -0.004766 -0.003321 -0.001102 0.000146 -0.000520 -0.006592 -0.002312 -0.002047 0.000217 -0.001799 -0.006206 -0.004330 -0.001326 -0.000035 -0.001173 -0.007021 -0.006060 -0.002538 0.000154 0.000544 0.015686 0.001892 -0.035464 0.001669 0.016180 0.027456 0.020547 0.012756 0.036366 0.041129 -0.004681 0.011177 0.007082 0.017104 0.027812 0.026248 0.035441 0.027396 0.036574 0.043640 0.015618 0.019159 -0.007084 0.020581 0.032644 -0.001448 0.001388 -0.000153 -0.001892 0.000163 0.001819 0.000352 -0.001486 0.000233 -0.000629 -0.000140 0.000363 0.001176 0.001319 0.001458 0.000121 0.001800 -0.000554 -0.000013 0.002454 -0.000345 -0.000362 0.000622 0.001277 0.001824 -0.014553 0.019848 0.034967 0.006762 -0.003036 -0.007815 -0.017332 -0.021735 -0.002240 0.029294 0.007632 -0.037310 -0.066019 -0.011225 0.052116 -0.010534 -0.030362 -0.050049 -0.026186 0.018624 -0.020653 0.000407 0.019055 0.006313 0.011387 -0.001340 0.035124 0.031791 -0.014813 -0.029306 -0.021827 -0.036990 -0.032774 -0.020081 -0.024883 -0.055246 -0.022286 -0.041402 -0.051028 0.013125 -0.059007 0.025415 -0.016329 -0.046893 0.040637 -0.038776 -0.050358 -0.034998 0.000667 0.014020 0.019189 0.046971 0.002159 0.064406 0.078800 -0.030788 -0.022665 -0.046332 0.037700 0.024966 -0.085739 0.067066 0.074832 0.066258 0.038147 0.001225 0.062375 0.030557 -0.046154 0.024585 -0.065245 0.016513 -0.094494 -0.039995 -0.019073 -0.019742 0.004948 0.005539 0.028010 0.027631 -0.013375 -0.019923 -0.027811 0.009657 0.018599 0.010541 -0.010264 -0.040926 0.008403 0.033852 0.002868 -0.003295 -0.018135 0.016673 0.038970 0.005586 0.015484 0.002479 0.016843 0.018335 0.045238 0.009259 0.075645 -0.010498 0.033109 0.037544 0.030829 -0.067659 0.030076 -0.016684 0.023495 -0.009499 -0.075657 -0.027953 0.070609 -0.013312 0.099030 -0.040614 -0.010271 -0.049851 0.020457 -0.031301 0.023834 -0.025660 0.019355 0.035841 -0.005622 0.032702 0.025876 0.019164 0.015184 -0.001016 0.091799 0.008063 -0.014814 -0.006813 0.013703 0.121223 0.016495 -0.015410 0.053215 0.015616 0.105699 0.055910 0.031452 0.155146 0.017128 0.069920 0.067227 0.040607 -0.053372 0.013117 -0.034552 -0.053027 -0.066709 -0.018725 -0.067152 -0.118633 0.011616 -0.011232 -0.045391 -0.135278 -0.116329 -0.040307 -0.037005 -0.077801 -0.058177 -0.024098 -0.093884 -0.037355 -0.018278 0.038487 0.017630 