<?xml version="1.0" encoding="utf-8"?>
<opencv_storage>
   <weights_conv3 type_id="opencv-matrix">
      <rows>32</rows>
      <cols>25</cols>
      <dt>f</dt>
      <data>-0.008005 -0.031986 -0.016079 -0.003448 0.015497 -0.009605 0.023122 0.039224 -0.057724 -0.006234 -0.053171 0.006975 0.166844 -0.000157 -0.009082 -0.010196 -0.073090 0.008029 -0.021883 -0.025989 0.045277 0.014063 -0.007991 -0.009450 -0.003692 -0.006165 -0.006892 -0.008746 -0.007548 -0.003291 -0.011605 -0.015034 -0.001676 -0.014611 -0.011496 -0.012572 -0.000018 0.067872 0.002040 -0.008815 -0.010009 -0.011590 0.001186 -0.009809 -0.005755 -0.005310 -0.009213 -0.013761 -0.010899 -0.007102 -0.000438 -0.025078 0.016108 -0.006357 -0.016167 -0.017069 -0.108723 -0.011337 -0.028017 -0.041019 0.023548 -0.007110 0.159805 0.023022 -0.001800 -0.001833 -0.005135 0.060125 0.000922 -0.002593 -0.014004 -0.055366 -0.021031 -0.025967 -0.016296 -0.009928 -0.003732 -0.004407 -0.015476 -0.015366 -0.019544 -0.016375 0.008663 -0.009527 -0.027784 -0.018407 0.012746 0.100752 0.008838 -0.014621 -0.008560 0.009299 0.020160 -0.000598 -0.008742 -0.004230 -0.009193 -0.013088 -0.022797 -0.010472 0.003462 0.035596 0.048084 0.032521 0.007597 0.024464 -0.044310 -0.079256 -0.044062 0.027934 0.042567 -0.065511 0.142361 -0.077887 0.044132 0.022844 -0.024015 -0.049474 -0.027331 0.023010 -0.005134 0.009707 0.037559 0.012432 -0.004985 -0.001284 0.003721 0.001801 0.006187 -0.000663 0.005640 -0.016357 -0.012548 -0.014511 0.005104 0.003428 -0.012172 0.068142 -0.010699 0.000234 0.005950 -0.014782 -0.014627 -0.015482 0.004568 -0.001643 0.006418 0.002268 0.006471 -0.001289 0.024829 -0.000604 -0.025022 -0.041077 -0.001147 -0.000268 -0.042671 0.013658 0.001888 -0.004869 -0.013348 0.006817 0.171636 0.031216 -0.035885 -0.028321 -0.008737 -0.000046 -0.093913 -0.000400 -0.002245 -0.008583 -0.038662 0.010399 0.059306 -0.001610 -0.003195 -0.006036 -0.003777 0.000332 -0.004973 -0.012728 0.000396 -0.010843 -0.006848 -0.006585 0.000801 0.072729 0.003973 -0.005611 -0.003266 -0.010176 0.001054 -0.007425 -0.001987 -0.001409 -0.004879 -0.009690 -0.005235 -0.003393 -0.005693 -0.006127 -0.006505 -0.008693 -0.005359 -0.013575 -0.012166 0.002683 -0.016162 -0.012841 -0.014398 0.010099 0.087092 0.004672 -0.008361 -0.008037 -0.002353 0.010652 -0.004107 -0.003789 -0.003538 -0.010314 -0.018110 -0.013266 -0.008167 -0.002582 0.005910 0.008610 0.004290 0.002698 -0.008750 -0.007889 -0.029790 -0.027156 0.002746 -0.001015 0.004353 0.094725 -0.025145 0.016625 0.003279 -0.011180 -0.020872 -0.020607 0.012574 -0.005096 0.003474 0.000863 -0.002037 -0.000766 -0.003476 -0.005472 0.001643 -0.008429 -0.005002 -0.010474 -0.008631 0.008475 -0.008059 -0.008322 -0.002736 0.004762 0.057993 0.003961 -0.000704 -0.001890 0.000543 0.013859 -0.006493 -0.000955 -0.005675 -0.011844 -0.001212 -0.015004 -0.008300 -0.000296 -0.000255 -0.000306 -0.000300 -0.000285 -0.000276 -0.000270 -0.000295 -0.000272 -0.000230 -0.000315 -0.000275 0.031127 -0.000269 -0.000334 -0.000303 -0.000254 -0.000238 -0.000263 -0.000289 -0.000313 -0.000256 -0.000261 -0.000249 -0.000223 0.007973 0.002401 0.002087 0.001909 0.001263 0.008604 -0.027442 -0.008481 -0.019718 -0.004579 0.008070 -0.013080 0.072387 -0.000618 -0.001700 0.005782 -0.027313 -0.010772 -0.020973 -0.001916 0.004498 0.002506 0.003295 0.005338 0.004027 0.002423 0.003806 -0.006006 0.002894 0.001633 0.014874 0.015403 0.007704 0.015412 0.012814 -0.000946 0.006658 0.050726 -0.003220 -0.009175 0.003547 0.008517 0.006038 0.001373 -0.006506 0.018114 0.018720 0.013894 0.016522 0.012880 -0.001246 -0.036126 -0.009981 -0.001365 -0.011890 -0.009303 -0.028357 0.001472 -0.031118 -0.010714 0.005881 -0.011863 0.168854 0.032931 -0.018907 0.003885 -0.050085 -0.013504 0.000892 -0.046381 -0.001245 -0.006643 0.003464 -0.008623 -0.008318 0.000416 0.004263 0.000101 0.004871 0.000536 0.006608 -0.016094 -0.011363 -0.014947 0.003937 0.003063 -0.011697 0.067105 -0.009556 -0.001691 0.006149 -0.015507 -0.014270 -0.015717 0.003937 -0.000149 0.006551 0.001586 0.006979 0.000662 0.003386 0.002996 -0.005696 -0.006205 -0.002056 -0.006609 -0.008605 0.013533 0.003670 -0.010791 -0.012219 0.016599 0.103908 0.014873 -0.005475 -0.009848 0.005306 0.016679 0.004988 -0.000508 -0.009547 -0.019122 -0.019549 -0.013424 -0.000310 -0.005600 -0.007507 -0.011708 -0.020353 -0.007190 -0.013673 -0.011873 0.007236 -0.015337 -0.022580 -0.027586 0.014434 0.116251 0.017739 -0.023747 -0.020919 -0.006677 0.033479 -0.013835 -0.017900 -0.007438 -0.019838 -0.025798 -0.022495 -0.005174 -0.000810 0.006317 0.007889 0.009219 -0.000915 0.007566 -0.020937 -0.016745 -0.018018 0.006011 0.006769 -0.019174 0.069606 -0.014467 0.002826 0.006930 -0.018893 -0.018185 -0.018346 0.006768 -0.001785 0.007741 0.007410 0.009709 -0.001312 -0.001300 -0.003276 -0.005269 -0.003864 0.000024 -0.007001 -0.008713 0.002777 -0.008227 -0.008030 -0.007133 0.005091 0.066269 0.006808 -0.005406 -0.004533 -0.004702 0.005367 -0.004014 -0.001975 -0.001437 -0.005007 -0.010244 -0.007594 -0.002852 0.002488 -0.003300 -0.015925 0.004627 -0.000222 0.015446 -0.010687 -0.002300 0.016143 0.000327 0.020916 -0.041870 0.067120 0.000778 -0.007613 0.010031 -0.025878 -0.049914 -0.009603 -0.002733 0.004207 0.011732 0.023216 0.018472 0.000852 0.001122 -0.000120 0.000653 -0.001510 0.000523 -0.000270 -0.002084 0.001491 -0.002607 -0.000039 -0.000886 -0.001340 0.034161 -0.003442 -0.000129 -0.000226 -0.001282 0.000992 -0.003693 -0.000458 0.000117 -0.001342 -0.000196 -0.002231 0.000143 -0.001723 0.009412 0.007315 0.015498 -0.003835 0.007303 -0.025886 -0.029158 -0.027092 0.008650 0.013312 -0.023949 0.108774 -0.028535 0.012156 0.012289 -0.018922 -0.040547 -0.014006 0.009348 -0.003330 0.009080 0.012471 0.008964 -0.006358 0.000137 0.002287 -0.001984 0.002244 0.000374 0.003738 -0.013409 -0.007868 -0.013050 0.002071 0.000053 -0.005687 0.065318 -0.005993 -0.002521 0.003000 -0.012412 -0.007994 -0.013025 0.002199 -0.000514 0.003135 -0.002067 0.003715 0.000908 -0.004405 -0.003315 -0.007266 -0.007342 -0.002598 -0.010603 -0.009561 0.007143 -0.009232 -0.008545 -0.011203 0.008880 0.086291 0.010241 -0.004446 -0.006954 -0.005501 0.008611 -0.003072 -0.001494 -0.001861 -0.010190 -0.017604 -0.009997 -0.005205 -0.004442 -0.005349 -0.005986 -0.004452 -0.002373 -0.006812 -0.008222 0.001028 -0.007735 -0.004400 -0.006309 0.003967 0.056964 0.003648 -0.003909 -0.006015 -0.006418 0.002127 -0.006863 -0.003841 -0.005516 -0.005908 -0.007635 -0.006049 -0.003371 -0.006055 -0.016810 -0.004329 0.005762 -0.015501 -0.012475 -0.032759 0.017244 0.002258 -0.029240 -0.006874 -0.023246 0.094770 0.019297 -0.021909 -0.010172 -0.018016 0.018453 0.007243 -0.012625 -0.000992 -0.011069 -0.009053 0.001549 -0.005727 0.005368 0.005085 -0.000251 0.002816 0.009330 -0.000531 -0.035470 -0.021287 -0.033591 0.002250 0.011995 -0.019944 0.150525 -0.012874 -0.003534 0.006646 -0.031533 -0.024954 -0.036788 0.006550 0.003597 0.001094 0.005880 0.000022 0.009550 -0.000815 0.001499 -0.001603 -0.011870 0.003797 -0.019317 -0.001661 0.034259 -0.033895 -0.023390 -0.044177 0.013405 0.124316 -0.055360 -0.016013 -0.044848 0.020118 0.043990 -0.060571 -0.001536 -0.018792 0.010887 0.012951 -0.024522 -0.002967 -0.021975 -0.024458 -0.014982 0.005700 0.015985 -0.037421 0.008293 -0.005332 -0.023904 0.031709 -0.011472 0.003155 0.076111 -0.009610 0.015638 0.018238 -0.000151 -0.000079 0.000949 -0.003853 0.003998 0.012209 -0.021599 -0.039394 -0.007514 0.034618 0.026140 0.018425 0.019578 0.022374 0.002394 -0.050774 -0.035239 -0.050319 0.005288 -0.000481 -0.027462 0.071578 -0.032278 0.012339 0.012211 -0.024995 -0.018013 -0.024391 0.003380 0.020103 -0.000272 0.000654 0.005554 0.002819 -0.003488 -0.004920 -0.007192 -0.005924 -0.003823 -0.005093 -0.011591 0.000729 -0.007769 -0.006264 -0.006653 -0.001451 0.075248 0.003541 -0.004568 -0.002949 -0.007744 -0.000417 -0.003604 -0.001523 -0.006438 -0.005574 -0.005812 -0.001710 -0.003202 </data>
   </weights_conv3>
</opencv_storage>