<?xml version="1.0" encoding="utf-8"?>
<opencv_storage>
   <weights_conv2_15 type_id="opencv-matrix">
      <rows>64</rows>
      <cols>25</cols>
      <dt>f</dt>
      <data>0.002586 -0.055485 0.042976 -0.025643 -0.067037 0.046654 0.009943 0.048159 -0.007954 -0.036291 0.019042 -0.016016 0.023397 -0.013302 -0.035909 -0.007369 -0.039999 0.018289 0.002930 -0.064004 0.039187 0.005305 -0.007124 0.002348 -0.026075 0.036402 0.064197 0.018611 0.048481 0.079219 0.006189 0.026513 -0.014396 -0.008542 -0.016635 0.029633 -0.002828 -0.026180 0.024509 0.025958 0.029156 0.031612 0.032630 0.031025 0.033208 0.004239 0.025926 0.037333 -0.037099 -0.000418 0.034717 0.122519 -0.027125 -0.026198 0.042431 -0.014221 0.038733 -0.123237 -0.030531 0.099359 -0.115424 0.035981 -0.094408 -0.064625 0.230283 -0.129317 -0.069576 -0.000262 -0.087153 0.056389 0.025268 -0.070081 -0.058415 -0.065911 0.130067 0.015162 0.024808 0.019946 0.052847 0.037082 0.045889 0.015760 -0.053314 -0.008353 0.005998 0.047534 -0.024629 -0.084871 0.011531 0.014578 0.052063 0.001229 -0.015494 0.067076 0.045592 0.032582 0.018781 -0.007891 0.021234 0.006240 -0.006205 -0.098575 0.062158 -0.029019 -0.040831 -0.004298 -0.119031 -0.061610 -0.215064 0.040276 0.186477 0.237488 0.144876 -0.215458 0.071603 0.128230 -0.082608 0.093354 -0.138150 0.064747 0.130736 -0.015627 0.029942 -0.106116 -0.003161 -0.010825 0.023889 -0.032702 -0.053844 -0.034907 -0.038306 0.002916 0.038652 0.020860 -0.141473 0.011501 -0.052024 -0.054555 0.079423 -0.102575 0.023210 -0.008549 0.018788 0.088346 -0.079628 0.020619 -0.045223 -0.038963 -0.016317 -0.085713 -0.116744 -0.111457 -0.491294 0.115202 0.280141 -0.206891 -0.209777 -0.537620 -0.122664 0.226430 -0.132099 -0.177406 -0.033090 0.003591 0.088952 -0.020668 -0.075346 -0.178353 -0.188492 0.043690 -0.001703 -0.003752 0.025172 0.010213 0.086314 0.020595 0.054363 0.020384 -0.004553 0.009972 0.008106 0.041309 0.025550 -0.000698 -0.048025 0.036964 -0.011763 -0.037566 0.000062 -0.024246 0.013079 0.004367 0.017752 0.024151 -0.024673 0.026073 0.019068 0.045429 -0.001293 -0.019696 0.029673 -0.027830 -0.025348 -0.032210 -0.049146 -0.026131 -0.035618 -0.061441 -0.068479 -0.084106 -0.030871 -0.017488 -0.073852 -0.126294 -0.109404 -0.027446 -0.031263 0.014478 0.043356 0.034106 0.029259 0.005996 0.023190 0.031061 0.046739 -0.034007 -0.045092 -0.050323 -0.073184 0.005953 -0.036558 -0.006332 0.065279 0.028708 -0.063430 0.053333 -0.003132 0.030751 0.061151 -0.053158 0.043627 0.001724 0.071681 0.078385 -0.037848 0.051900 -0.038953 0.028875 0.026141 -0.011981 0.041415 0.040818 0.043225 0.051618 0.036608 0.062870 0.060491 0.059460 0.068544 0.053353 -0.011098 -0.031769 -0.031436 -0.005491 -0.003858 0.002773 -0.015659 -0.013068 0.006002 -0.002581 0.031456 0.018745 0.019488 0.025317 0.018022 0.000434 -0.001648 -0.001444 0.000888 0.000144 -0.000964 -0.000045 0.003082 -0.000734 0.000722 -0.001209 0.000634 -0.002020 0.001490 0.000120 -0.000017 -0.000627 -0.001482 0.000685 0.000752 0.002522 -0.000061 -0.000190 -0.000323 -0.001784 0.000385 -0.001064 0.000243 -0.000201 -0.000969 0.001490 -0.000878 0.000100 0.001123 0.000667 0.000816 0.001815 0.000766 0.000180 -0.002082 -0.000913 -0.000697 -0.000226 -0.000649 0.000924 -0.000922 -0.000157 -0.001086 0.000025 0.002395 -0.007808 0.028717 0.031310 -0.010706 -0.038527 0.038589 0.043889 0.039718 0.014986 -0.002872 0.035105 0.020881 0.024626 0.021855 0.009788 -0.007651 -0.000010 0.017779 0.020058 0.001195 0.002090 0.001483 0.016892 0.012836 0.011039 0.008446 0.025287 0.012153 -0.008049 -0.035547 0.017174 0.026743 0.030929 0.024561 -0.006086 0.013836 0.009101 0.011813 0.025826 0.000316 0.000587 -0.009529 -0.011193 0.006445 -0.006917 0.019226 -0.002848 -0.010903 0.004737 -0.006041 0.000815 0.000381 0.001262 -0.000454 -0.000326 0.002247 -0.000382 -0.000390 0.001910 0.000107 -0.000475 -0.001507 -0.001019 -0.000156 -0.001753 -0.001630 -0.002385 -0.000069 0.000897 -0.000000 -0.000601 -0.000206 -0.000877 0.000458 0.002229 -0.067556 0.002283 0.011620 -0.033094 0.005755 -0.019291 0.047277 0.053373 -0.010702 0.003352 0.016445 0.044971 0.032035 -0.028730 -0.012971 -0.019185 -0.007306 0.022571 -0.003132 -0.004191 0.004788 -0.044662 0.014412 0.017516 -0.016851 -0.082091 -0.030789 0.066332 -0.033431 -0.041052 -0.094820 0.028182 0.040280 -0.147585 -0.177391 -0.122377 -0.012553 0.044506 -0.042254 -0.190679 -0.079460 -0.060872 0.005450 -0.004609 -0.097582 0.013500 -0.022195 -0.000741 -0.021346 -0.049042 -0.000487 0.000302 -0.000103 -0.000628 -0.000447 -0.000306 0.000451 0.000590 0.000724 0.000381 -0.001881 -0.000442 -0.000441 -0.002037 -0.000245 -0.001643 0.000868 0.000050 -0.001127 0.000968 -0.000176 0.000899 0.000308 -0.000859 -0.000145 0.022945 0.001989 -0.010363 -0.001265 0.005174 0.038552 0.007830 0.018131 -0.003391 0.013926 0.027325 0.008904 0.058272 -0.002790 -0.009072 0.038103 -0.001519 -0.000387 -0.012262 0.007296 0.043590 0.044848 0.046106 0.044131 0.041469 -0.022381 -0.001189 -0.046260 -0.002868 -0.002864 0.002668 -0.012711 -0.064593 -0.022653 0.005388 0.015463 -0.019538 -0.047790 -0.024008 0.007022 0.055558 0.036146 0.017972 0.003437 0.049289 0.079577 0.061782 0.038996 0.015378 0.101285 0.031621 0.164493 0.024187 -0.040366 0.087021 -0.039176 0.006162 -0.086494 -0.128985 0.071515 0.008494 0.001679 -0.049098 -0.105566 0.025990 0.098960 0.013332 0.010381 0.026178 0.061550 0.099641 -0.022329 -0.014910 0.020548 0.021951 0.000697 -0.001395 -0.000622 0.000794 0.000545 0.000951 0.000551 0.000375 -0.000439 -0.000335 -0.000994 0.000640 -0.000861 0.001305 -0.000396 0.000389 0.000255 -0.000218 -0.001313 -0.000235 -0.000082 -0.001386 0.002303 -0.000524 -0.002826 0.000573 -0.002773 -0.001428 0.005493 0.007287 0.002369 -0.004569 -0.004479 0.004597 0.006878 0.003443 -0.002644 -0.003723 0.002155 0.007712 0.005984 -0.001907 -0.004893 0.002268 0.005601 0.008187 -0.001430 -0.005586 0.000369 0.005440 -0.038173 0.029194 0.017181 -0.021003 -0.041836 -0.038062 0.042633 0.043291 -0.032697 -0.048426 -0.024154 0.035439 0.049017 -0.032684 -0.059999 -0.046944 0.012233 0.015493 -0.034213 -0.059396 -0.043605 0.018084 -0.006541 -0.045183 -0.020929 0.000242 -0.000336 0.000616 -0.001284 -0.000910 -0.000152 0.000898 -0.001838 -0.002286 -0.002248 -0.000772 0.000570 0.000057 0.001660 -0.000224 0.001864 -0.000935 -0.001220 0.001612 -0.001210 0.000031 0.000059 -0.000506 0.000111 0.000565 0.028547 -0.022968 -0.033809 -0.020219 0.008831 0.005981 -0.002237 0.011493 0.014088 -0.036761 0.038884 -0.007678 -0.009587 0.030628 -0.007076 0.018215 0.004323 0.005704 0.007930 -0.036409 0.012892 0.013293 0.002418 -0.024000 -0.032177 0.084968 0.148685 0.163135 0.033722 0.053576 0.035026 -0.018941 0.018948 0.034147 0.033296 -0.038571 -0.059400 -0.041758 -0.007363 0.136042 -0.092547 -0.054852 -0.050439 -0.066898 0.132967 0.002859 -0.033652 -0.012076 0.013650 0.090523 -0.037603 0.085313 -0.026622 -0.003866 -0.011583 0.094875 -0.005257 -0.097567 0.084353 0.025837 0.024070 0.075775 -0.185113 0.040829 -0.008243 0.009232 0.146421 -0.034702 0.196458 0.086497 -0.002788 0.019990 -0.026020 0.001666 0.069348 -0.004066 -0.012849 -0.001108 -0.003515 0.001369 -0.029039 -0.016188 0.036187 0.029381 -0.002151 -0.003212 -0.018999 0.031127 0.017613 -0.032472 -0.000014 -0.011192 0.040445 0.016049 -0.041624 0.004103 -0.020300 0.022207 0.006217 -0.035036 -0.032246 0.123520 0.127115 0.020716 0.248983 -0.133820 -0.225755 -0.122920 -0.291421 0.050992 -0.028015 -0.298351 -0.035053 -0.091841 0.129383 0.019649 -0.175063 -0.205910 -0.187223 -0.016893 0.037171 0.038301 0.055348 -0.071796 0.038038 0.173177 0.185413 -0.145347 0.089592 0.004095 -0.059065 0.260004 -0.234906 -0.089053 0.043894 -0.096187 0.260294 -0.114668 -0.098473 0.021696 -0.020969 0.114604 -0.110009 -0.063083 0.001081 -0.096578 0.122372 -0.069277 -0.081241 -0.064839 -0.000276 0.016687 0.037454 -0.156550 0.125779 0.085608 0.003655 0.087681 -0.013940 0.048307 0.149879 0.123582 0.092719 0.060326 0.036171 -0.034098 -0.065837 0.011389 0.019599 -0.050745 0.007508 -0.038376 -0.016450 0.016456 0.037554 