<?xml version="1.0" encoding="utf-8"?>
<opencv_storage>
   <weights_conv2_19 type_id="opencv-matrix">
      <rows>64</rows>
      <cols>25</cols>
      <dt>f</dt>
      <data>-0.035221 -0.028602 -0.020107 -0.020867 -0.029964 -0.040560 -0.034505 -0.018659 -0.021918 -0.031873 -0.037785 -0.034953 -0.035807 -0.032646 -0.033155 -0.030563 -0.035089 -0.043816 -0.041557 -0.033868 -0.033613 -0.035335 -0.038683 -0.040372 -0.036847 -0.011851 -0.038847 -0.052967 -0.034562 -0.012149 -0.025403 -0.005309 0.012318 -0.004609 -0.029079 -0.034276 0.022650 0.063138 0.012300 -0.048807 -0.020120 0.006685 0.018836 -0.007714 -0.035934 0.000739 -0.023084 -0.041478 -0.030094 -0.007167 0.005065 0.016072 0.007753 0.005479 0.019886 -0.009380 0.015464 0.022658 0.013709 0.021899 -0.017892 0.017121 0.029321 0.011976 0.012808 -0.010756 0.014865 0.014769 0.000830 0.011337 -0.001722 0.011352 0.000142 -0.003895 0.010939 0.063560 0.032684 0.026233 0.038390 0.022302 0.078074 0.059756 -0.013410 0.008929 -0.001269 0.081543 0.025672 -0.067701 0.020414 -0.025866 0.064229 0.009478 -0.025580 0.045144 -0.027138 0.036320 0.002300 -0.038281 -0.019139 -0.044947 0.004001 0.000905 -0.000707 0.005161 0.008007 0.005669 0.005740 0.003623 0.002771 0.003933 0.005612 0.013791 0.014253 0.005351 -0.002115 0.002722 0.010804 0.012155 0.005154 0.000391 0.002278 0.000252 0.005035 0.006429 0.004767 0.010757 -0.041744 -0.070586 -0.036805 0.007803 -0.030189 0.017739 0.061118 0.023881 -0.033404 -0.065629 0.057092 0.154567 0.059738 -0.070148 -0.039331 0.021711 0.065561 0.023874 -0.038904 0.008672 -0.032287 -0.060341 -0.033642 0.007686 0.003685 -0.020539 -0.071490 -0.039882 -0.005076 0.046417 0.015133 -0.076032 0.008142 0.050033 0.034977 0.039217 -0.013210 0.059162 0.057697 -0.001942 -0.002516 -0.031073 -0.005458 -0.001781 0.019279 0.019827 -0.000234 0.006078 0.021669 -0.024534 -0.049981 -0.064226 -0.045324 -0.025808 -0.043822 -0.021510 0.000624 -0.014228 -0.043107 -0.060209 -0.003256 0.045571 0.004736 -0.061536 -0.041077 -0.016461 0.004323 -0.015315 -0.045844 -0.018015 -0.040385 -0.056063 -0.043827 -0.019131 0.017344 0.019276 0.019081 0.018267 0.014080 0.008326 0.009492 0.007067 0.009315 0.010485 0.002053 -0.000299 0.002739 0.007521 0.006059 0.001470 -0.002398 0.003378 0.007059 0.005215 0.004580 0.006101 0.007435 0.010392 0.008560 0.005207 -0.033993 -0.056362 -0.034224 -0.003161 -0.028105 0.017839 0.055626 0.019895 -0.039311 -0.054806 0.048402 0.127310 0.050564 -0.066384 -0.032346 0.010965 0.048861 0.013498 -0.037743 0.002247 -0.034603 -0.058522 -0.035932 0.002945 0.003756 -0.009467 -0.009697 -0.005594 -0.006965 0.000637 -0.018033 -0.020146 -0.018839 -0.020274 0.005521 -0.009291 -0.014948 -0.012602 -0.021575 0.015536 0.006514 0.003842 0.014506 0.003081 0.037411 0.036341 0.036784 0.036597 0.025313 0.001716 0.000985 -0.000173 0.001124 -0.000209 0.000760 -0.000285 -0.000443 0.000239 0.000465 -0.000249 -0.000129 -0.000427 -0.000173 -0.000731 -0.000921 -0.001392 0.000899 0.000711 -0.000313 -0.000295 0.000737 0.000935 -0.001185 0.000030 0.001639 0.000794 -0.001089 -0.001448 0.000645 0.000883 0.001687 0.000646 0.001308 0.001202 -0.000072 -0.001860 0.000640 -0.000009 0.001275 0.000441 -0.000277 0.000345 0.001490 -0.000123 0.001692 0.000321 0.000193 0.000741 -0.000998 -0.022079 -0.023155 -0.019338 -0.019399 -0.016561 -0.020394 -0.021193 -0.022044 -0.020499 -0.018968 -0.020057 -0.021637 -0.022746 -0.025493 -0.022183 -0.021424 -0.021484 -0.021408 -0.021741 -0.019703 -0.020909 -0.022716 -0.021481 -0.019569 -0.019969 -0.005737 -0.007072 -0.005119 -0.004115 -0.004268 -0.006453 -0.006235 -0.005968 -0.007115 -0.005785 -0.006639 -0.006171 -0.007151 -0.006246 -0.007212 -0.005856 -0.004206 -0.007770 -0.006821 -0.007860 -0.005754 -0.005749 -0.006409 -0.005819 -0.006461 0.000197 -0.000898 -0.000942 -0.001555 -0.000032 0.001098 -0.000517 -0.002493 0.000428 0.001068 -0.000143 -0.000569 0.000530 0.000027 0.000146 -0.000013 0.000887 -0.000429 0.000714 0.000866 -0.001819 -0.000363 -0.001669 0.001211 -0.000691 -0.009149 -0.014648 -0.017595 -0.019018 -0.014385 -0.013602 -0.006421 -0.004653 -0.008418 -0.012362 -0.020980 -0.010894 0.006766 -0.000652 -0.011811 -0.020294 -0.012162 0.000010 -0.003729 -0.008708 -0.010482 -0.014174 -0.015535 -0.012756 -0.008651 -0.012520 -0.015324 -0.017405 -0.014317 -0.012356 -0.013769 -0.013444 -0.007603 -0.010602 -0.017699 -0.013859 -0.008504 -0.007593 -0.013967 -0.024906 -0.010770 -0.008629 -0.013272 -0.021920 -0.024879 -0.008620 -0.013042 -0.019186 -0.023186 -0.019561 -0.001454 -0.000668 -0.000894 -0.000624 0.000990 0.000144 -0.000311 -0.000880 0.001191 -0.000907 -0.000640 0.000489 -0.000212 -0.000522 0.000411 -0.001150 0.000571 -0.000280 -0.000762 -0.002079 -0.000876 -0.000422 -0.000754 0.001616 -0.000367 0.020251 0.000665 -0.016231 -0.005714 0.017652 0.004042 0.036473 0.053146 0.025875 -0.000813 -0.011577 0.055885 0.102101 0.048937 -0.015853 0.003453 0.031478 0.057058 0.032531 0.001206 0.021930 0.000310 -0.011461 0.003243 0.026278 -0.000917 0.001225 -0.000264 0.000867 0.001113 -0.000207 -0.001463 -0.001865 0.001056 0.000137 -0.000019 -0.000268 -0.000602 0.000751 0.001794 -0.000541 -0.001535 0.001740 0.000094 -0.000518 -0.001947 -0.001296 0.000235 0.001361 0.000401 -0.025473 -0.022656 -0.016862 -0.012384 -0.017060 -0.028793 -0.027029 -0.022482 -0.017772 -0.026542 -0.028260 -0.029694 -0.029547 -0.030531 -0.033542 -0.028053 -0.025351 -0.029788 -0.035400 -0.034648 -0.028358 -0.026200 -0.024545 -0.027900 -0.029354 0.000324 -0.000890 -0.000570 0.000600 0.000308 0.000005 0.001985 0.000847 -0.000037 -0.000443 0.000691 -0.000874 0.000305 -0.001414 0.002380 0.000504 0.000373 -0.002360 -0.000826 -0.000563 0.000425 0.000999 0.000307 -0.001309 0.000440 0.001199 -0.000227 0.001278 0.000552 -0.000323 -0.000183 -0.000150 0.001131 0.000917 0.000852 0.000413 0.000275 -0.000237 0.002048 0.000813 0.001652 -0.000229 0.001128 0.000276 0.000864 -0.000481 0.000697 0.001930 -0.000041 -0.001384 -0.018098 -0.010460 -0.003760 -0.003973 -0.009278 -0.017997 -0.015953 -0.005471 -0.001126 -0.004761 -0.014690 -0.012714 -0.012369 -0.008454 -0.006087 -0.011416 -0.007576 -0.005682 -0.008079 -0.011261 -0.009090 -0.003498 -0.001887 -0.009149 -0.013394 0.001129 0.000340 0.000494 0.000029 0.001526 -0.001066 0.001051 0.000064 -0.000138 0.000561 0.003599 -0.001534 0.001414 0.000589 0.001642 0.000490 0.000642 0.000338 0.001143 0.001155 0.000879 0.000999 0.000806 -0.000291 -0.000578 -0.005842 -0.025962 -0.036213 -0.018894 -0.001350 -0.020144 0.009453 0.032258 0.010459 -0.021170 -0.029823 0.029279 0.073493 0.025645 -0.037688 -0.012874 0.008503 0.022075 0.002210 -0.017776 0.004727 -0.019476 -0.038213 -0.018732 0.002949 0.042712 0.046140 0.043531 0.034575 0.056859 0.007557 -0.005124 0.002761 0.017350 0.043258 -0.009214 0.008579 0.013745 -0.000899 0.036605 -0.009536 0.022191 0.023248 -0.009164 0.036149 -0.009232 -0.007712 -0.008309 -0.007971 0.040486 -0.002418 -0.002634 -0.001127 -0.002790 0.000805 -0.003894 0.002437 -0.001615 0.000051 0.002522 0.001519 0.002929 -0.002340 0.000093 0.003930 0.002449 -0.002264 -0.001837 0.001999 -0.001478 0.000548 -0.003746 0.000211 0.000342 -0.002896 -0.007394 -0.010015 -0.013817 -0.005816 -0.002970 -0.009965 0.006892 0.017739 0.002019 -0.012233 -0.011694 0.013447 0.030530 0.006972 -0.016933 -0.009711 -0.000340 0.010957 0.005141 -0.007441 -0.003599 -0.013808 -0.013799 -0.002265 0.004110 0.023974 -0.033146 -0.075334 -0.030261 0.022564 -0.024467 0.056879 0.112920 0.061423 -0.025880 -0.067514 0.113897 0.238692 0.116489 -0.069498 -0.026861 0.060084 0.121443 0.066045 -0.025768 0.029719 -0.020112 -0.060803 -0.021750 0.033883 -0.014313 -0.000325 -0.024196 0.002256 0.002839 -0.016564 0.008142 -0.034474 0.001043 0.016301 -0.016801 0.020132 -0.043454 -0.006252 0.021992 -0.016141 0.019069 -0.031720 -0.008515 0.013313 -0.019400 0.001135 -0.017100 -0.002261 0.004557 0.009451 -0.006164 -0.011178 -0.001519 0.013948 -0.001961 0.022586 0.040643 0.021461 -0.005207 -0.008713 0.041863 0.068698 0.029078 -0.017269 0.000737 0.022245 0.031030 