<?xml version="1.0" encoding="utf-8"?>
<opencv_storage>
   <weights_conv2_8 type_id="opencv-matrix">
      <rows>64</rows>
      <cols>25</cols>
      <dt>f</dt>
      <data>-0.036716 -0.041487 -0.037358 -0.037888 -0.041670 -0.032817 -0.028857 -0.015532 -0.018955 -0.034411 -0.025598 -0.016938 -0.016580 -0.017514 -0.023642 -0.025578 -0.016350 -0.021548 -0.025019 -0.027045 -0.023191 -0.015837 -0.016906 -0.020816 -0.028192 -0.012144 -0.012223 -0.017348 0.003573 0.014420 -0.020660 -0.005780 0.007841 0.012464 0.000998 -0.030326 0.005978 0.041303 0.018024 -0.010006 -0.012773 0.002518 0.007676 0.002506 -0.001717 -0.003128 -0.015826 -0.030720 -0.015401 -0.002201 -0.035035 0.001082 -0.011168 0.004760 -0.004265 -0.051784 0.015182 -0.007686 -0.028531 -0.017270 -0.043468 0.054190 0.021761 -0.036331 -0.035226 -0.032612 0.051144 0.013272 -0.019292 -0.021580 -0.025322 0.025584 -0.017340 -0.012609 -0.016244 0.013455 0.023359 0.020432 0.051936 0.038096 0.048507 0.016011 -0.052346 -0.010461 0.005479 0.050485 -0.023738 -0.085454 0.008129 0.014329 0.053984 0.002151 -0.016092 0.067035 0.044980 0.034322 0.018753 -0.008150 0.021585 0.003214 0.004144 0.007987 -0.007202 -0.012439 0.019987 0.012366 0.015937 -0.005078 -0.021781 0.022690 0.025248 0.036399 0.023073 -0.011566 0.030880 -0.000820 -0.015632 -0.008404 -0.025429 0.008923 0.014099 -0.002467 -0.002115 -0.008483 0.010307 -0.008834 -0.022056 -0.047398 -0.019281 -0.020641 -0.009741 0.007804 0.021846 0.007443 -0.033154 -0.035265 0.023665 0.082884 0.025178 -0.052603 -0.008985 0.013166 0.029460 0.009381 -0.022520 0.012777 -0.007070 -0.038393 -0.017615 -0.003902 0.021634 -0.028853 -0.187815 -0.091368 0.018169 0.064212 0.060304 -0.172830 -0.021761 0.068892 0.061209 0.094534 0.044538 0.089458 0.054890 0.013788 -0.000947 -0.031241 -0.035333 0.007269 0.022654 0.024273 0.016681 0.006735 0.043152 -0.025495 -0.028147 -0.038673 -0.022697 -0.017778 -0.033361 -0.019157 -0.006422 -0.010422 -0.029416 -0.038937 -0.004270 0.027281 0.004266 -0.035299 -0.026205 -0.013760 -0.004659 -0.012794 -0.025065 -0.019327 -0.031683 -0.047351 -0.034753 -0.025838 0.004314 0.007934 0.006957 0.007836 0.006822 0.000122 0.001914 -0.000344 -0.002842 -0.000665 -0.005449 -0.010631 -0.013431 -0.013440 -0.012841 0.004629 0.002759 0.005942 0.007517 0.000630 0.007624 0.012182 0.016297 0.016494 0.012473 -0.028025 -0.035436 -0.054617 -0.035623 -0.026932 -0.030216 -0.006139 0.009581 -0.003153 -0.031619 -0.045230 0.006187 0.062317 0.015209 -0.038050 -0.023846 -0.006579 0.009379 0.000653 -0.012970 -0.006025 -0.021724 -0.044894 -0.025998 -0.007116 0.029375 0.024864 0.031932 0.035787 0.020466 0.012713 0.001949 0.008340 0.013363 0.006885 -0.010512 -0.033653 -0.029682 -0.011506 -0.013788 0.004774 -0.014218 -0.006164 0.018181 0.011444 0.022309 0.021105 0.024046 0.035825 0.022414 0.000478 0.000992 -0.001617 -0.000588 0.000750 0.000321 0.001306 -0.000046 -0.000864 0.000119 -0.000615 0.000162 0.000717 -0.000839 -0.000632 0.000426 0.000287 0.000371 -0.000573 0.001955 -0.000528 -0.000696 0.000762 0.000664 -0.000088 0.000264 -0.002099 -0.000616 0.000892 0.000684 0.000160 -0.001456 0.000394 -0.000475 -0.000763 0.000565 0.001074 -0.001158 0.000214 -0.001244 -0.000255 -0.000530 -0.000627 -0.000168 -0.000302 -0.001057 0.001885 0.000642 -0.001299 0.000849 -0.014628 -0.017666 -0.014772 -0.016456 -0.016750 -0.014959 -0.013931 -0.010077 -0.013234 -0.014864 -0.015445 -0.010582 -0.008811 -0.009750 -0.012102 -0.017875 -0.011981 -0.009474 -0.010719 -0.014916 -0.017897 -0.015114 -0.012443 -0.014345 -0.017699 -0.002826 -0.007331 -0.007425 -0.004895 -0.007061 -0.004179 -0.004843 -0.005227 -0.002479 -0.007150 -0.005913 -0.004734 -0.002909 -0.004125 -0.004787 -0.006105 -0.004366 -0.003464 -0.003469 -0.003821 -0.004181 -0.006422 -0.004310 -0.003182 -0.003216 -0.000302 -0.000753 0.000199 0.000983 0.000545 -0.001097 0.001021 0.000395 0.000615 0.000880 0.000835 0.000983 0.002093 0.000906 0.000479 -0.000258 -0.000317 0.000764 -0.001025 -0.000475 -0.000864 -0.000448 -0.001008 -0.000702 0.000217 -0.009255 -0.011263 -0.015542 -0.019735 -0.023650 -0.009037 -0.006215 -0.008230 -0.013669 -0.016376 -0.011446 -0.007664 0.000769 -0.005460 -0.015689 -0.017246 -0.013560 -0.007400 -0.008753 -0.015218 -0.016308 -0.015838 -0.015022 -0.017951 -0.016446 -0.023926 -0.020631 -0.017882 -0.010876 -0.003292 -0.023257 -0.017889 -0.010042 0.001992 0.000560 -0.021749 -0.013109 -0.002015 0.001464 -0.000476 -0.015525 -0.008243 -0.007163 -0.004594 -0.004882 -0.012173 -0.010435 -0.017530 -0.009593 -0.005615 -0.000634 0.000125 0.000466 -0.001815 0.001740 -0.000563 0.002321 0.000846 0.000363 -0.000588 0.000855 0.000476 -0.000080 -0.000911 0.001780 -0.000479 0.000580 0.000359 -0.000907 0.001816 0.001235 0.000200 -0.000524 0.000955 -0.001014 0.025310 0.001464 -0.017442 -0.003604 -0.001967 0.043698 0.005857 0.007312 -0.008441 0.010252 0.040368 0.003259 0.043962 -0.011141 -0.018074 0.049103 -0.008791 -0.017322 -0.025828 -0.002507 0.052704 0.048142 0.038602 0.042134 0.033961 0.001553 -0.001419 -0.000046 -0.000141 0.000805 -0.000581 -0.000025 -0.001719 0.000614 -0.000599 0.000325 -0.000409 -0.000978 0.000233 -0.000726 0.001165 0.001121 0.000377 0.000552 0.000451 -0.000078 -0.001019 -0.000327 0.000909 -0.000463 -0.030743 -0.029929 -0.023906 -0.021123 -0.021990 -0.026668 -0.026137 -0.015454 -0.009297 -0.015531 -0.022584 -0.015161 -0.012345 -0.011015 -0.014557 -0.023890 -0.011964 -0.012132 -0.014921 -0.017289 -0.015067 -0.010459 -0.009426 -0.011625 -0.019747 -0.001856 -0.001585 0.000556 -0.000200 0.000481 0.000033 0.000143 -0.000320 -0.000099 0.001192 0.001000 0.000786 0.000104 0.000303 -0.000997 -0.000670 0.000115 0.000412 0.002248 -0.000312 0.001731 0.000079 0.001527 0.002029 0.000478 0.000373 0.001060 -0.000248 -0.000610 -0.000411 0.001218 0.000486 0.000604 -0.000058 0.000697 -0.000975 0.001308 -0.000137 0.002125 0.000800 -0.000849 -0.000919 -0.001290 -0.001151 -0.000656 0.001108 0.000992 -0.001011 0.000054 0.001292 -0.011525 -0.005065 0.004423 0.001341 -0.009332 -0.007392 -0.006375 -0.000544 0.000250 -0.008201 0.000730 -0.002369 -0.009433 -0.008787 -0.012633 -0.003011 -0.002676 -0.006520 -0.015573 -0.019740 -0.009700 -0.006053 -0.005608 -0.012903 -0.021615 0.000716 0.000892 0.000394 0.000735 0.001327 0.000804 -0.000506 -0.001437 0.001441 0.000007 0.000106 -0.000377 -0.000514 -0.001852 -0.000464 -0.000831 -0.000130 -0.001464 0.000228 0.001094 -0.001469 0.000982 -0.000198 -0.000675 -0.001260 -0.011019 -0.018212 -0.030273 -0.016390 -0.013840 -0.019228 -0.005755 0.006415 -0.002493 -0.023661 -0.027517 0.004548 0.031232 0.003862 -0.025594 -0.008861 -0.005207 -0.002648 -0.008972 -0.013786 -0.006740 -0.019500 -0.038049 -0.028671 -0.015787 0.031791 0.096143 0.092161 0.021524 0.002627 -0.016261 -0.034616 -0.013027 -0.000980 0.002671 -0.060430 -0.039610 -0.036018 -0.039713 0.052280 -0.072389 0.001288 -0.020518 -0.059686 0.070230 -0.051648 -0.060724 -0.052838 -0.029260 0.044176 -0.010518 -0.047903 -0.021800 0.025864 0.031390 -0.001529 0.003917 -0.029243 0.013702 0.052172 0.039877 0.022969 -0.108975 -0.012243 0.060295 0.049372 -0.013015 -0.104703 0.023506 0.056463 0.032899 -0.002223 -0.016787 0.035073 0.016011 -0.003550 -0.008495 -0.011108 -0.009378 -0.017759 -0.008351 0.000819 0.002616 -0.011041 -0.021372 -0.009534 0.003093 0.009636 -0.006747 -0.017044 -0.009140 -0.008214 -0.003913 -0.005037 -0.009192 -0.008272 -0.016490 -0.016874 -0.011452 -0.008901 -0.022350 -0.051345 -0.074762 -0.033173 -0.027429 -0.017661 -0.049419 0.014359 -0.024614 -0.047499 -0.061751 -0.012533 0.131434 0.021457 -0.064993 -0.042890 -0.084496 -0.018032 -0.054105 -0.055020 -0.005018 -0.044377 -0.078300 -0.032600 -0.014904 -0.005521 0.013791 -0.037265 -0.026311 -0.010680 0.000408 0.063559 -0.057364 -0.042534 0.017391 0.005376 0.088507 -0.079173 -0.063479 0.025656 0.004849 0.066410 -0.067369 -0.055683 0.005778 -0.000821 0.041895 -0.019516 -0.019263 -0.013447 -0.019716 -0.030761 -0.040948 -0.025278 -0.020038 -0.028382 -0.036058 -0.025072 -0.032437 -0.031000 -0.005704 0.000906 