<?xml version="1.0" encoding="utf-8"?>
<opencv_storage>
   <weights_conv2_9 type_id="opencv-matrix">
      <rows>64</rows>
      <cols>25</cols>
      <dt>f</dt>
      <data>-0.023633 -0.034268 -0.030751 -0.034506 -0.020017 -0.001173 -0.012516 -0.010626 -0.011626 -0.003062 -0.004289 -0.009925 -0.015172 -0.018650 -0.006889 -0.008152 -0.003666 -0.008554 -0.014882 -0.004164 -0.004011 0.002269 0.004897 -0.003188 -0.005853 -0.001393 -0.000595 -0.006227 0.021525 0.010292 -0.025793 -0.015579 -0.003428 0.018779 0.000715 -0.032061 -0.004078 0.029340 0.023481 -0.001641 -0.013358 0.000420 0.008719 0.011102 0.000807 -0.005696 -0.012746 -0.029032 -0.003862 0.001326 -0.024579 0.007664 -0.044840 0.037347 0.031495 -0.059959 0.025540 -0.027708 0.000998 -0.011890 -0.056676 0.091272 0.003647 0.000772 -0.002745 -0.058258 0.079775 -0.019967 0.009973 0.009231 -0.057640 0.020014 -0.054136 0.022975 -0.001606 0.011796 0.024071 0.019619 0.048358 0.034614 0.043455 0.016376 -0.052811 -0.012838 0.006981 0.044546 -0.024527 -0.085630 0.006453 0.014090 0.047018 0.000309 -0.016375 0.063789 0.041303 0.029375 0.018185 -0.008219 0.021511 0.006115 -0.004306 0.030298 0.020712 -0.035280 -0.022610 -0.020228 0.012756 -0.015164 -0.037972 -0.002348 0.053593 0.098723 0.042331 -0.040739 0.026299 -0.007647 0.016002 -0.005319 -0.035737 0.051836 -0.027293 0.006783 -0.006690 -0.010255 0.039871 -0.007569 -0.020758 -0.047765 -0.010653 -0.025103 -0.004432 0.001579 -0.010012 -0.012644 -0.049273 -0.028399 0.029123 0.057123 0.001847 -0.060383 -0.008565 0.034255 0.043789 0.011949 -0.021884 -0.002309 -0.002637 -0.032983 -0.008686 -0.007247 -0.019877 0.041799 -0.167757 0.010202 0.053856 0.007711 0.063182 -0.240391 -0.001713 0.053637 0.016728 0.065055 0.083987 0.110820 0.044260 -0.020729 -0.041939 -0.038304 -0.030684 0.026314 0.007330 0.005885 -0.010396 -0.001223 0.021127 -0.006809 -0.009816 -0.014382 0.004378 0.002819 -0.019221 -0.012772 -0.006440 0.003178 -0.006371 -0.020814 -0.000920 0.018457 0.003381 -0.013467 -0.010519 0.003785 0.004523 -0.004034 -0.008699 -0.009524 -0.013887 -0.024971 -0.018440 -0.009474 0.006202 0.007421 0.005394 0.008379 0.009823 -0.001156 -0.000437 -0.003730 -0.005767 -0.005107 -0.008601 -0.013899 -0.018994 -0.018599 -0.018935 0.009018 0.010765 0.014289 0.016533 0.012682 0.004985 0.012574 0.017451 0.019253 0.013552 -0.010873 -0.025054 -0.046819 -0.020943 -0.018483 -0.013325 -0.005973 -0.009901 -0.010220 -0.028149 -0.027894 0.018307 0.051726 0.012453 -0.015909 -0.010616 0.020259 0.037229 0.025863 0.016946 -0.010592 -0.011728 -0.023931 0.004871 0.019270 0.030380 0.027417 0.030836 0.035929 0.021947 0.014189 0.004289 0.007281 0.014546 0.007017 -0.011784 -0.033573 -0.030666 -0.012743 -0.011018 0.001860 -0.014773 -0.005156 0.015620 0.009896 0.021806 0.020573 0.021480 0.031956 0.016150 -0.000165 0.001076 0.000816 -0.000302 -0.000660 -0.000109 0.000947 -0.000935 -0.000266 -0.000639 -0.000495 0.000653 0.000681 -0.001796 -0.000225 -0.000235 -0.000256 0.000632 -0.000324 -0.000319 0.001543 0.000775 -0.000243 -0.001365 -0.001377 0.000605 -0.002304 -0.000415 0.000704 0.000492 0.000660 -0.000565 0.001672 0.001584 0.000535 0.001464 -0.000687 0.000682 -0.001316 0.000579 0.000401 0.000076 0.000665 -0.001990 0.000479 -0.000316 0.000395 -0.001194 -0.001615 -0.000843 -0.010170 -0.006892 -0.005718 -0.007569 -0.007496 -0.002619 -0.004685 -0.004441 -0.001545 0.001652 -0.002070 -0.005720 -0.010235 -0.006870 -0.003586 -0.008534 -0.008760 -0.007779 -0.008137 -0.007938 -0.008209 -0.006977 -0.004685 -0.007174 -0.012700 0.000155 -0.004116 -0.005040 -0.003915 -0.001501 0.001351 -0.000449 -0.002568 -0.002894 -0.000495 -0.000817 -0.000825 -0.003847 -0.003216 -0.002234 -0.002642 -0.004812 -0.004053 -0.000860 -0.002146 -0.000869 -0.005150 -0.003935 -0.000661 -0.002458 0.000157 0.001687 -0.000892 0.000464 0.000144 0.000730 0.000865 0.001225 -0.001074 0.001282 0.002397 -0.000741 0.001960 0.002665 0.000428 -0.000858 -0.000212 -0.000025 -0.002177 -0.000774 -0.000057 -0.000365 -0.000065 -0.000295 0.000742 -0.001326 -0.003486 -0.007876 -0.011504 -0.009749 0.008246 0.003099 -0.005205 -0.013374 -0.011368 0.005994 0.003657 -0.000684 -0.010820 -0.011896 -0.008526 -0.006764 -0.003071 -0.010152 -0.009974 -0.012398 -0.014014 -0.015001 -0.019744 -0.014512 -0.014998 -0.013796 -0.011238 -0.011280 -0.007947 -0.019111 -0.019127 -0.007600 0.005428 0.007027 -0.021671 -0.014849 -0.001911 0.010360 0.010548 -0.012051 -0.004749 -0.000238 0.006999 0.002871 -0.001390 -0.001648 -0.000706 0.001070 -0.002194 0.000943 0.000404 -0.000466 0.001030 -0.000791 -0.000743 -0.000444 -0.000497 0.001122 0.000509 -0.001474 0.001329 -0.001219 0.000173 0.002032 -0.000864 0.000798 0.000881 0.001665 -0.000755 0.000612 -0.000648 0.001150 0.000628 0.001356 0.008945 0.000024 -0.012554 -0.003378 -0.002974 0.025623 -0.005770 0.000726 -0.022619 0.003320 0.024811 -0.006810 0.038909 -0.020659 -0.021589 0.020397 -0.025508 -0.025914 -0.028588 -0.006908 0.010287 0.025550 0.030458 0.029863 0.015798 -0.001129 -0.002766 -0.000054 -0.001862 0.000050 0.000290 -0.001292 0.000402 0.000008 0.000538 -0.000751 -0.000893 -0.001060 0.000693 0.000803 -0.000748 -0.000807 -0.000871 0.001035 0.000858 -0.000189 -0.000199 0.000166 0.000263 0.001930 -0.017548 -0.021607 -0.018609 -0.013068 -0.005316 -0.010881 -0.016132 -0.011098 0.000202 0.006817 -0.015740 -0.018318 -0.015107 -0.004847 -0.001281 -0.013699 -0.005099 -0.003693 -0.003833 -0.002895 -0.002827 0.008157 0.013211 0.009253 -0.000869 0.001290 0.000342 0.001418 0.000900 -0.000768 0.001323 0.003489 -0.000482 -0.001850 0.000123 0.000258 -0.001262 -0.000549 -0.000794 -0.001628 -0.000937 -0.000813 -0.001522 0.000737 0.000042 -0.000744 -0.000748 0.000486 -0.001398 -0.001403 0.000930 0.000494 -0.000675 0.000333 -0.001083 0.000449 -0.001792 0.000377 -0.001866 -0.000661 0.000166 0.000939 0.000184 0.000849 -0.000496 0.000155 0.002022 -0.002487 0.000801 0.001062 -0.000605 -0.000226 0.002530 -0.001039 -0.000848 -0.010387 -0.000954 0.012905 0.012369 0.010840 -0.007170 -0.005241 0.007887 0.010288 0.005078 -0.002509 -0.007168 -0.008265 -0.009392 -0.010934 -0.004660 -0.005011 -0.010861 -0.024249 -0.020599 -0.006811 -0.007119 -0.009009 -0.027080 -0.026779 -0.000794 -0.000910 -0.000427 -0.000222 0.001074 0.000777 -0.000203 0.000420 0.000149 0.001135 0.001002 -0.001715 0.000670 -0.000805 0.001728 -0.001283 -0.000205 -0.002210 -0.001396 0.001266 0.000595 -0.000514 -0.000328 -0.000611 0.000760 -0.001365 -0.010371 -0.016344 0.000243 -0.001200 -0.007658 -0.002646 0.001404 -0.000288 -0.008935 -0.005937 0.017111 0.031672 0.006491 -0.005358 0.003665 0.013775 0.008346 -0.001158 -0.000706 -0.008351 -0.013476 -0.030359 -0.017327 -0.005497 0.078105 0.125198 0.118192 0.015606 0.010996 0.036664 -0.061863 -0.023823 0.012379 -0.025220 -0.037344 -0.091738 -0.070108 -0.027496 0.084798 -0.057089 -0.038092 -0.048093 -0.069232 0.118610 -0.006480 -0.071072 -0.041724 -0.007624 0.030119 0.010629 -0.020905 0.028717 0.055903 0.018321 0.020621 -0.032369 -0.016643 0.068707 0.067485 0.034967 0.010143 -0.126100 0.009756 0.079666 0.008829 0.001649 -0.086637 0.025051 0.082492 0.027398 0.067330 0.036363 0.028886 0.046316 0.007201 0.000100 -0.001382 0.002135 -0.007025 0.003488 0.007184 0.006639 -0.006290 -0.015088 0.001931 0.010921 0.011483 -0.008343 -0.011884 -0.003329 -0.003793 -0.002464 -0.009602 -0.007426 -0.012621 -0.017574 -0.018588 -0.014818 -0.013048 -0.017730 -0.032525 -0.097810 -0.033374 -0.025827 0.027941 -0.058132 -0.034937 -0.057053 -0.046333 -0.010041 -0.016808 0.116979 -0.021978 -0.065810 -0.032277 -0.111669 -0.051501 -0.097324 -0.056034 -0.004870 -0.013832 -0.032163 0.012691 0.000797 0.014902 0.035167 -0.062587 -0.017890 -0.024520 -0.020070 0.091753 -0.082275 -0.020517 0.016310 -0.031972 0.128716 -0.103982 -0.035834 0.031895 -0.004325 0.076362 -0.079498 -0.036903 0.001609 -0.030577 0.054049 0.007961 0.006812 -0.042160 -0.003767 -0.021704 -0.025071 -0.006559 0.026563 -0.016013 -0.022142 -0.050553 -0.050921 -0.011702 0.008887 0.038086 0.070931 0.098309 0.053940 