<?xml version="1.0" encoding="utf-8"?>
<opencv_storage>
   <weights_conv2_1 type_id="opencv-matrix">
      <rows>64</rows>
      <cols>25</cols>
      <dt>f</dt>
      <data>0.007855 -0.009292 0.050550 0.012337 -0.068889 -0.054683 -0.025510 0.032229 0.019259 -0.017946 0.001274 -0.040611 0.062944 0.037224 -0.008532 0.045415 -0.061663 0.026466 0.043972 -0.058935 -0.020530 -0.037041 0.009291 -0.002920 -0.070264 -0.017079 -0.040751 -0.003005 -0.046643 0.056002 0.047734 0.057786 0.011512 -0.091825 0.030227 0.015991 0.061187 0.010474 -0.024144 0.010356 -0.069372 -0.013216 0.043035 0.044394 0.024317 -0.010999 -0.045539 0.018286 0.027780 0.032390 -0.106722 -0.006361 -0.135659 0.036139 -0.052837 -0.089007 0.010705 -0.044491 -0.066474 -0.079509 -0.147506 0.055016 -0.087760 -0.039114 0.145892 -0.114447 0.104737 -0.001046 -0.038288 0.146047 -0.015116 -0.026082 -0.136279 -0.020128 -0.043349 0.019320 0.015945 0.008720 0.004319 -0.048326 0.020559 0.010379 0.020010 -0.024278 -0.081829 0.019973 0.021448 0.038400 -0.034624 -0.089967 0.024545 0.032337 0.037173 -0.007666 -0.063449 0.036046 0.030379 0.017204 0.024321 -0.040757 0.132764 0.154515 0.122001 0.103817 -0.017508 0.158576 0.008304 0.004467 0.043978 0.085970 0.024898 -0.032937 -0.010149 0.051895 0.133348 0.109623 0.016628 0.069912 0.050745 0.179223 0.014765 0.050261 0.096606 0.111546 0.160498 -0.017103 -0.066522 -0.067090 -0.120427 0.064639 0.089450 0.094679 -0.020513 -0.170156 -0.076728 0.030016 0.064348 0.051628 0.064327 -0.116151 -0.022331 -0.111759 0.064632 0.200314 -0.053037 0.118029 -0.134183 -0.050485 0.066772 -0.121562 0.270650 0.074566 -0.387637 -0.308796 -0.489332 -0.076632 0.052985 -0.211203 -0.437743 -0.195632 0.090618 0.144536 0.158983 0.082377 0.091099 0.124477 0.103609 0.094975 0.156169 0.119635 -0.009048 -0.001434 -0.140672 -0.116390 -0.034593 -0.078769 -0.001204 0.000784 -0.057342 0.067861 -0.039577 0.065710 0.004122 -0.103087 -0.003923 -0.051556 0.047878 0.038039 0.020452 -0.016773 -0.051479 -0.028192 0.071039 0.110556 0.000018 0.044322 -0.032214 0.023545 0.036766 -0.035853 0.080283 -0.128424 -0.095272 -0.030731 -0.009646 0.077446 -0.028043 -0.109905 -0.072222 -0.034038 -0.007525 0.018290 -0.003831 -0.073334 -0.060617 -0.033422 -0.007881 0.078703 0.023433 -0.042752 0.020807 -0.019878 0.041345 0.049168 0.068407 -0.001298 -0.025500 0.060636 -0.026596 0.068936 0.010918 0.045525 0.061687 -0.091318 -0.039302 -0.002575 0.056179 0.109143 0.054881 -0.052361 -0.051326 -0.078609 0.113032 0.156315 0.028698 0.065364 -0.110194 -0.008736 0.017853 -0.063860 0.003987 -0.000358 -0.015721 -0.012618 0.000418 0.046028 0.045425 0.012185 -0.005505 -0.004286 -0.008760 -0.008874 -0.035746 -0.032248 -0.019233 -0.022753 -0.008976 -0.019415 -0.029525 -0.024088 -0.000848 0.001955 0.006026 -0.002072 -0.004632 -0.000240 -0.000964 0.000586 -0.000283 -0.000934 -0.000835 -0.000018 -0.001620 0.001393 0.000485 -0.000156 0.000427 0.000146 0.000993 0.002234 -0.001397 -0.000645 0.000661 0.000777 -0.000173 0.000254 -0.001288 -0.001401 0.000449 -0.000062 0.002173 -0.000291 -0.001243 -0.000171 0.001176 0.001297 -0.000545 0.000443 0.000534 -0.001105 -0.002374 0.000270 0.001788 -0.001212 -0.001619 0.000557 -0.001390 -0.000815 -0.000558 -0.000926 0.000274 -0.000171 0.000840 0.001446 0.000744 -0.037976 0.030386 0.012035 0.010895 0.049856 -0.036991 0.017492 0.002222 -0.011766 -0.008963 -0.029840 0.014184 0.011874 0.010790 -0.021732 -0.025757 0.013783 0.028248 0.021992 -0.014227 -0.016427 0.001061 0.025917 0.011053 -0.004395 -0.001350 0.046799 0.035059 0.031828 0.042322 -0.009918 0.008180 0.012307 0.015505 -0.008566 -0.002549 0.003719 -0.001165 0.014849 -0.024708 -0.001612 0.016031 0.013076 0.014416 -0.019926 0.004262 0.009962 0.020927 0.011040 -0.021763 0.000279 -0.001805 0.001753 0.000009 0.000331 -0.000271 -0.000222 -0.001167 -0.000753 -0.000835 0.001655 0.001785 -0.000924 0.001122 0.001735 0.000613 -0.000982 0.000715 -0.001056 -0.000782 0.000548 -0.000531 -0.000746 0.000428 0.001273 -0.000074 0.018844 -0.035509 -0.006111 0.063879 -0.014083 0.035013 0.002514 -0.008228 0.000512 -0.029382 0.042130 0.040492 0.032145 0.013412 -0.014080 0.024217 0.061506 0.049670 0.018511 0.029356 0.022226 0.048431 0.015129 -0.041694 -0.157854 0.013452 -0.073701 -0.028065 0.026885 -0.103234 -0.021235 -0.111451 -0.086180 0.066909 0.026614 0.088789 0.015064 -0.040111 -0.062773 -0.003204 0.029980 0.134370 0.010462 -0.078940 -0.149288 -0.107018 0.026912 0.039848 -0.094323 -0.001795 -0.000358 -0.000780 0.001275 0.000121 0.001130 0.000723 0.002625 0.000537 -0.000281 0.000812 -0.000147 0.000247 0.000137 -0.000006 -0.000175 -0.001704 0.000330 -0.001501 -0.000263 0.000352 -0.000198 0.000594 -0.001005 -0.000843 0.022180 0.002424 0.004874 -0.025367 0.029076 0.044068 0.046169 0.012724 -0.102563 -0.024839 0.042212 0.051597 0.049632 -0.075231 -0.054704 0.039778 0.015801 0.038225 -0.009067 -0.019069 0.055422 0.009514 0.013650 0.013274 0.001052 -0.050192 -0.050898 -0.055023 -0.037055 -0.006700 0.060495 0.038693 0.023625 0.001176 -0.000303 0.033174 0.000931 -0.014347 -0.017091 0.010999 0.009555 0.008078 -0.026404 -0.020744 0.025599 -0.039585 -0.042193 -0.053771 -0.040658 0.007369 -0.139550 -0.087026 -0.044709 -0.124867 -0.042421 0.005942 0.078133 0.114557 -0.031996 0.089530 0.030938 0.008776 0.060062 -0.010621 -0.004313 -0.041830 -0.091976 -0.079338 -0.016660 -0.075881 0.041976 0.072360 0.007940 0.006920 -0.005422 0.000540 -0.000310 0.000353 0.000132 0.001563 0.001059 0.001670 -0.000014 -0.000019 0.001123 0.000035 0.000957 0.000027 0.002115 -0.000049 0.000958 0.000108 -0.001998 -0.000818 -0.000180 0.000161 0.000796 -0.001987 -0.000146 0.000237 0.006833 0.002792 0.002119 0.007054 0.009607 0.011667 0.004982 0.004459 0.006378 0.004769 0.016639 0.008802 0.002836 0.005915 0.002743 0.017488 0.011028 0.005270 0.005123 0.000104 0.020833 0.012985 0.009902 0.008222 0.002538 0.066748 0.040057 -0.016195 0.011676 0.030342 -0.045140 0.017859 -0.010411 -0.028577 0.035217 -0.023360 -0.007978 0.012165 0.006142 0.015852 0.029042 -0.007125 -0.023553 0.007299 -0.012995 0.009747 0.068368 0.069622 0.024204 -0.016833 -0.000219 0.000720 -0.000112 0.001570 -0.000219 -0.000747 -0.000234 -0.001034 0.000156 0.002112 -0.000525 0.000169 -0.000410 0.002632 -0.000581 -0.000081 0.002496 -0.000454 0.000375 -0.000693 -0.001817 0.001686 0.001250 0.001210 0.002218 -0.024778 -0.041037 0.000536 -0.027509 0.042527 0.004301 0.038131 0.000980 -0.058187 0.014660 -0.026085 0.024493 0.049311 0.036396 -0.013186 -0.033021 -0.066383 0.066016 0.106358 0.001495 0.067462 -0.052986 0.017017 0.041151 -0.029878 0.033870 0.036495 0.101581 0.035190 -0.066394 -0.070787 -0.089563 -0.043320 0.100914 0.116939 -0.028788 -0.044946 -0.157552 -0.018723 0.138774 -0.050029 -0.055817 -0.042943 -0.050327 0.019485 0.002251 -0.142543 -0.042163 0.011673 0.067077 -0.173235 -0.001139 -0.144192 -0.061950 -0.131331 0.151904 -0.070950 0.140755 0.092064 -0.161860 0.144515 0.155943 -0.196978 0.042135 -0.103434 -0.116848 0.064981 0.035252 0.138032 -0.071075 -0.200843 -0.269160 -0.244158 -0.064237 0.153856 -0.044469 -0.010428 -0.043265 -0.061833 0.039910 -0.026791 0.026394 0.000963 -0.044419 0.002639 -0.030785 0.032956 0.070177 0.036746 -0.028025 -0.034053 0.002179 0.086225 0.065356 -0.009786 0.002873 -0.033525 0.027435 0.007945 -0.027640 0.007170 -0.067179 0.026800 0.097096 0.062810 -0.005268 -0.101725 -0.116045 -0.325862 0.127254 0.116634 -0.151675 0.010288 -0.190980 -0.088413 0.162498 -0.199231 -0.278544 -0.042274 0.072556 0.171753 0.136644 0.059040 -0.040595 -0.048970 0.254073 -0.080293 -0.164613 0.100566 -0.094367 0.133049 0.095190 -0.070135 0.008601 0.015785 -0.020858 -0.062529 -0.079431 -0.055510 -0.032717 -0.034324 0.068622 -0.044956 -0.045571 -0.004878 -0.169060 0.144660 -0.004897 -0.013176 0.034059 0.014036 0.138063 0.217490 -0.164902 0.074532 -0.089275 -0.138494 -0.110331 -0.074565 0.170918 -0.035110 0.100581 -0.165333 -0.098238 -0.024507 -0.052287 0.326744 0.192415 0.123533 0.086788 -0.169654 0.004529 0.001800 -0.021592 0.003814 -0.096643 