<?xml version="1.0" encoding="utf-8"?>
<opencv_storage>
   <weights_conv2_14 type_id="opencv-matrix">
      <rows>64</rows>
      <cols>25</cols>
      <dt>f</dt>
      <data>-0.007423 -0.006225 -0.009796 -0.009151 -0.014679 0.000736 0.006533 -0.007694 -0.002459 0.002433 -0.003082 -0.012712 -0.017379 -0.014084 -0.000483 0.014406 0.004186 0.005161 0.005142 0.000861 0.030006 0.027539 0.015561 0.006120 -0.006313 0.019420 0.025807 0.048757 0.063198 0.062699 0.028886 0.030787 0.057439 0.066406 0.056640 0.015216 0.023092 0.060211 0.070042 0.049656 0.004968 0.018570 0.050848 0.055528 0.030667 -0.015381 -0.002611 0.017886 0.022146 0.018923 0.027076 -0.025242 -0.001663 0.059707 0.075945 -0.023587 -0.019619 0.029147 0.016499 0.029394 -0.060468 -0.005317 -0.035818 -0.002185 -0.064842 -0.016385 0.002980 0.003805 0.040206 0.018641 -0.004590 -0.011105 0.023274 0.022964 0.032616 -0.000649 -0.002856 -0.002035 0.000567 -0.001329 -0.001973 -0.000539 -0.000667 -0.000098 -0.000958 -0.003549 -0.001114 0.000536 -0.001039 0.000157 -0.001083 0.000491 -0.001375 -0.000404 -0.001615 -0.003408 -0.001184 -0.001293 -0.000508 -0.001657 -0.036591 -0.014764 -0.017668 0.020872 0.044686 -0.024988 -0.014475 0.013921 0.025554 0.031786 -0.004722 -0.032708 0.006997 -0.016877 -0.018000 0.031432 0.035767 -0.030991 -0.033907 0.008751 -0.044745 0.016811 0.039066 0.038829 0.058766 0.044041 0.022473 -0.004423 -0.003433 0.025573 0.020635 -0.024235 -0.002776 -0.021163 -0.046416 -0.011634 -0.014338 -0.022842 -0.030618 -0.049490 0.015017 0.021931 0.013026 -0.004849 0.000464 0.017904 -0.010902 -0.022798 -0.012780 -0.004798 -0.013953 0.086446 -0.030890 0.086424 0.070022 -0.051319 0.024452 -0.076299 -0.004612 -0.023524 -0.056808 -0.042560 0.078260 -0.019671 -0.065856 -0.048204 0.002942 -0.004917 0.009671 -0.033274 -0.001162 0.054113 0.088824 0.084247 0.006636 0.014090 0.021438 0.027821 0.036298 0.038441 0.020054 0.031701 0.037993 0.043756 0.033203 0.018480 0.022419 0.031203 0.047655 0.043881 0.005468 0.010681 0.020640 0.036224 0.034451 0.000085 -0.004605 0.002098 0.013850 0.027871 0.021543 -0.004379 0.002046 0.001375 -0.039258 0.009948 -0.006488 -0.005869 0.009345 -0.010169 -0.000072 0.007494 -0.008517 -0.019751 -0.006839 0.022636 0.024979 0.010286 -0.005688 0.002198 0.025442 0.025241 0.012568 -0.001117 0.007826 -0.006882 -0.012950 -0.006487 -0.000719 0.000646 0.003987 0.009117 0.022103 0.013652 -0.012077 0.003909 0.003636 0.021371 0.025366 0.010540 0.010816 0.019275 0.039209 0.039322 0.025911 0.017710 0.020340 0.039145 0.027023 0.009494 -0.005302 -0.005744 -0.004036 -0.007359 -0.010746 -0.002011 0.002186 0.001312 -0.001339 -0.007856 0.007957 0.000234 -0.005142 0.000071 0.001684 -0.006741 -0.011514 -0.006606 -0.005223 -0.009929 -0.012550 -0.025243 -0.020560 -0.018920 -0.015661 0.000187 -0.000533 0.001826 0.001411 -0.001357 0.000496 0.002868 -0.001224 0.000771 -0.000137 0.002037 -0.000776 0.000271 0.000819 -0.000836 0.000841 0.001272 0.000467 0.000656 0.000496 0.001881 0.000145 -0.002181 0.001334 -0.001416 -0.000922 0.000826 -0.000034 0.000609 0.000473 0.000647 -0.000646 -0.001046 -0.001181 0.000237 -0.000074 0.000279 -0.000503 0.000084 -0.000289 0.000091 0.000667 -0.000287 -0.000136 -0.000557 -0.000784 -0.000697 0.000049 -0.000278 0.000352 -0.008418 0.001374 0.003217 0.004817 0.008182 -0.013282 -0.008057 -0.008928 0.002294 0.008384 -0.021004 -0.021919 -0.021328 -0.005148 0.002467 -0.034427 -0.028045 -0.025891 -0.011674 0.000596 -0.036265 -0.029061 -0.022475 -0.009576 -0.002238 -0.028480 -0.017535 -0.006522 -0.002509 0.000507 -0.018375 -0.006899 -0.000913 0.002753 0.002910 -0.010963 -0.004306 -0.002887 -0.001131 0.002433 -0.013804 -0.007666 -0.003809 0.003226 0.008602 -0.010927 -0.004540 -0.003948 0.003364 0.007585 -0.001471 0.002390 -0.000841 -0.000993 0.000422 0.000769 -0.001041 -0.001513 -0.000755 -0.000985 0.001023 0.000137 -0.001660 0.000861 0.000811 0.000212 -0.000472 0.000109 0.002177 -0.001350 -0.001168 0.000207 -0.000631 -0.000907 0.000693 0.007322 -0.002848 -0.014748 -0.001407 -0.004801 0.003671 -0.002960 0.002783 0.008070 -0.008354 -0.000170 0.003912 0.006328 0.003665 -0.007349 0.002627 0.015219 0.011931 0.005172 -0.010304 0.018217 0.027203 0.020217 0.012106 -0.019958 0.042194 -0.015682 -0.001521 -0.003703 -0.001074 0.007063 0.008145 0.001658 0.012342 0.019781 0.020095 0.002383 0.021195 0.022418 -0.017439 0.036727 -0.009715 -0.028915 -0.037113 -0.013872 0.027187 -0.018886 -0.067462 -0.030849 -0.007331 -0.000350 0.000552 0.000053 -0.002121 -0.001912 -0.001715 -0.000604 -0.000143 0.000098 -0.000708 -0.000215 -0.000147 0.001046 0.000858 0.000381 0.000426 0.000338 -0.001531 -0.000424 0.001164 -0.002783 0.001142 -0.000237 -0.000701 -0.000481 -0.001633 0.000316 -0.001017 0.000669 -0.001341 0.002979 -0.000734 0.001407 -0.004480 -0.000137 0.003208 -0.003984 -0.000678 -0.001921 -0.004976 -0.000723 -0.003859 -0.005707 0.000801 -0.000591 -0.006999 -0.003127 0.005027 0.005127 -0.004175 0.015593 0.000117 -0.001266 -0.011509 -0.007572 0.017815 0.008237 0.004901 -0.002735 0.002141 0.009367 0.004479 0.003890 0.003316 0.005094 0.006724 0.005106 0.007740 0.009672 0.006516 0.003740 -0.001906 0.013737 0.012392 0.010558 -0.005194 -0.013363 -0.028090 0.023842 -0.012667 -0.008274 -0.001686 0.018172 -0.028469 -0.044687 0.029072 0.017469 0.006196 0.006090 0.019727 -0.044919 -0.027904 -0.008720 0.010736 -0.024945 -0.047619 0.006884 0.037641 0.023156 -0.006833 0.000936 -0.000023 -0.000384 0.000197 0.001483 0.002374 0.000327 -0.001264 -0.002153 -0.000126 -0.001522 0.000425 0.000402 0.000197 0.000225 -0.000257 -0.000372 0.000653 -0.000285 -0.000536 0.000416 0.000604 -0.000038 -0.000058 -0.000630 -0.001769 -0.001008 -0.002287 -0.003894 -0.004865 -0.005577 -0.001759 -0.001267 -0.002331 -0.005847 -0.003493 -0.000200 -0.001006 -0.002088 -0.005801 -0.003472 -0.000131 0.000313 0.001072 -0.000768 -0.002074 0.000945 0.002855 0.000432 0.001131 0.011548 0.008061 -0.004124 -0.006000 -0.003885 -0.008317 -0.011538 -0.007830 -0.012762 -0.007174 -0.026843 -0.027654 -0.019598 -0.013890 -0.007093 0.007686 0.003999 -0.005883 0.007601 0.017084 -0.013079 -0.003438 -0.009768 -0.007754 0.007478 -0.000783 0.000529 0.000933 -0.000007 -0.000610 -0.000191 -0.000441 -0.001744 -0.000852 -0.001552 -0.000829 -0.000050 0.000529 -0.000625 -0.000072 0.001463 -0.000768 0.001282 -0.000450 0.001080 0.001475 -0.000084 -0.000130 0.000701 -0.000622 0.014783 0.009541 0.008665 0.014818 0.020083 0.019660 0.018956 0.021583 0.014155 0.000983 0.022425 0.018176 0.019731 0.017193 0.004260 0.021143 0.017040 0.016448 0.015004 0.007382 0.022783 0.008834 0.004325 -0.001703 0.005766 0.006095 0.013196 0.009368 0.010612 0.041199 0.008664 -0.001162 -0.002920 0.018648 0.004084 -0.005794 0.008229 0.000182 -0.000682 0.001610 -0.008886 0.013089 0.007145 -0.008081 0.002932 0.012669 0.004993 0.009858 0.009069 -0.019673 0.019512 0.004151 0.001870 0.023520 0.006810 -0.038565 -0.006131 0.021255 0.005052 0.015893 -0.059893 -0.007021 -0.037720 0.023358 0.032831 0.016451 0.012946 -0.007754 -0.007379 -0.042587 0.019146 0.068089 0.053850 -0.019622 0.026247 0.014237 0.006080 0.000404 -0.005786 -0.005706 0.003944 0.010518 0.004604 -0.006269 -0.016299 0.013563 0.018716 0.000388 -0.013440 -0.012091 0.017017 0.015284 0.005306 0.000041 -0.001323 0.015066 0.007980 0.006234 -0.006812 -0.009174 0.068473 0.040299 -0.016505 -0.000583 0.028933 0.006127 0.022867 -0.005444 0.010397 -0.039659 -0.030685 -0.059227 0.024771 -0.035065 -0.029897 0.015411 0.010955 -0.063899 0.002021 0.012195 -0.017010 0.011716 0.016381 -0.008003 0.002169 0.025943 -0.044921 -0.019102 -0.009154 -0.023173 -0.011732 0.001381 0.000723 -0.032184 0.000681 0.013423 0.029334 -0.005481 -0.009906 0.000414 0.088529 -0.033461 0.005725 -0.005007 -0.038895 0.027469 -0.005624 0.049765 0.008693 -0.044941 0.032174 -0.019230 -0.035938 0.010903 0.081913 0.039891 -0.003055 -0.013966 -0.010452 0.042482 0.036385 0.018047 -0.020411 0.008578 -0.047528 0.024121 -0.014856 -0.009677 -0.044976 -0.062997 0.034140 -0.028386 -0.067960 -0.073017 