<?xml version="1.0" encoding="utf-8"?>
<opencv_storage>
   <weights_conv2_29 type_id="opencv-matrix">
      <rows>64</rows>
      <cols>25</cols>
      <dt>f</dt>
      <data>-0.012997 -0.005052 0.036756 -0.019131 -0.059796 -0.013706 0.028433 0.053388 -0.021546 -0.048255 -0.013458 0.031392 0.052004 -0.010777 -0.029694 0.004923 0.016910 0.033875 0.006305 -0.017253 -0.020762 -0.058155 -0.029971 0.009730 -0.004148 -0.022235 0.098892 0.018884 0.012454 0.003332 -0.058020 0.064981 -0.024066 -0.012991 0.026280 -0.068610 0.046370 -0.038656 -0.012037 0.050747 -0.045835 0.060145 -0.024353 -0.017525 0.021479 -0.014712 0.095404 0.002099 -0.046609 -0.036586 -0.190154 -0.144726 -0.079737 -0.003047 0.132829 -0.207116 -0.144638 -0.101590 -0.191136 0.143575 -0.230798 -0.073550 -0.002924 -0.269175 0.169501 -0.224516 -0.120015 0.066990 -0.201711 0.155822 -0.198235 -0.127291 -0.021363 -0.035395 0.094124 0.010946 0.022823 0.019372 0.050197 0.036202 0.045444 0.017657 -0.054646 -0.011925 0.006512 0.049389 -0.023889 -0.083791 0.009869 0.013765 0.049149 0.000742 -0.015435 0.064046 0.040997 0.029874 0.016544 -0.005870 0.021241 0.006817 -0.056550 0.120336 -0.029925 -0.114145 -0.025990 -0.012707 0.143974 -0.006066 -0.133253 0.018769 -0.035517 0.163456 0.099698 -0.114866 -0.016813 -0.114557 0.092949 0.082090 -0.026255 -0.084228 -0.072746 0.066271 0.049039 0.034319 -0.115249 0.105718 -0.039383 -0.025948 0.077245 -0.031979 0.043992 -0.037983 -0.013832 0.028606 -0.020542 -0.023045 -0.022589 -0.006225 0.000536 -0.003730 -0.022600 0.004631 0.034644 0.034350 0.009501 0.005878 -0.013439 -0.003454 0.008679 -0.017031 -0.018852 -0.055033 -0.362832 -0.142958 0.167146 0.022081 -0.013509 -0.358097 -0.117126 0.082477 0.011887 0.022343 -0.052844 0.026388 0.058007 0.013332 -0.027457 -0.095138 -0.047183 0.022571 0.054791 0.011726 -0.064244 -0.007586 0.126828 -0.003355 0.004035 0.029276 0.031177 -0.013030 -0.027341 0.008261 0.011502 0.000191 -0.003263 -0.030932 0.011428 0.013914 -0.013173 0.005050 -0.007943 0.030875 0.056512 0.009229 -0.009269 -0.006854 0.011015 0.070230 0.019061 -0.033361 0.133412 -0.054994 -0.039648 -0.006227 -0.000131 0.131617 -0.038304 -0.044660 -0.008452 -0.008974 0.075742 -0.042504 -0.041770 -0.022210 -0.015624 0.038922 -0.033722 -0.000072 0.008136 0.008201 0.033077 -0.048185 -0.005748 0.018925 0.013397 -0.013992 0.051455 0.022409 0.059374 -0.000838 -0.086231 0.089948 0.033859 0.017569 0.021719 -0.130997 0.084207 0.017138 -0.022567 0.032686 -0.106532 0.084151 0.025604 -0.007201 0.021694 -0.073335 0.027832 -0.013167 -0.012085 -0.011311 0.022037 0.021640 0.027266 0.029986 0.022772 0.008843 0.001044 0.005865 0.013974 0.010089 -0.009285 -0.031612 -0.027426 -0.008120 -0.007347 0.009106 -0.016899 -0.004886 0.018816 0.011440 0.027483 0.019373 0.020997 0.034057 0.017038 -0.000433 0.000412 -0.000258 -0.000107 0.000597 -0.000471 0.001358 -0.000525 0.001350 0.000568 -0.000809 0.001667 -0.000534 -0.000742 -0.001471 -0.000931 -0.000778 0.000483 -0.000900 0.000995 -0.000172 -0.000509 0.000651 0.000108 0.000422 0.001315 -0.000467 -0.000284 0.000371 -0.000627 0.000248 -0.000260 0.000635 0.000219 -0.001214 0.001273 -0.000589 0.001107 0.001744 -0.001660 0.000456 0.000934 -0.000204 -0.000493 0.000869 -0.001876 0.001451 0.003970 -0.000844 -0.001104 0.024766 -0.004225 0.026496 -0.000030 -0.035679 0.031691 -0.009651 0.021548 0.001571 -0.024150 0.030600 -0.011164 0.024390 0.004047 -0.021492 0.030193 -0.000850 0.042116 0.013151 -0.019870 0.022043 0.005126 0.062430 0.029128 -0.016257 0.027310 -0.002359 0.011683 0.010964 -0.019282 0.014230 -0.006754 0.015950 0.013775 -0.017910 0.016182 -0.004306 0.016546 0.011361 -0.020298 0.023783 -0.001630 0.016289 0.013549 -0.022954 0.025046 -0.001392 0.021536 0.022921 -0.015009 0.000246 0.000323 -0.000214 -0.000065 0.000002 0.000070 0.000078 -0.000575 -0.000106 0.000151 -0.000189 -0.000138 -0.000143 0.001468 -0.001326 0.000848 0.002378 -0.000176 0.000845 -0.001236 -0.001105 0.000204 -0.000065 0.000202 0.000228 -0.005122 -0.068466 0.025816 0.049600 -0.018535 -0.000843 -0.054961 0.041712 0.031258 -0.043740 -0.008625 -0.040007 0.042253 0.006702 -0.055219 -0.010623 -0.029947 0.042810 0.009668 -0.033585 0.017029 -0.022866 0.026992 0.008926 -0.022471 -0.075430 0.035426 -0.091535 -0.052455 -0.102185 -0.093894 0.021755 -0.084756 0.005573 -0.110615 -0.053289 -0.005329 -0.067439 0.045889 -0.097811 -0.010197 0.016564 -0.024881 0.014541 -0.098037 -0.009970 0.120000 0.015093 0.058814 -0.100954 -0.000300 0.001654 0.000922 -0.001314 -0.001416 -0.002332 0.000915 0.000436 0.002079 -0.000520 -0.000725 -0.000190 0.000051 0.001056 0.000011 0.000069 0.000904 0.000664 -0.000532 0.001612 0.000012 -0.000490 -0.001142 0.001218 -0.000728 0.013960 -0.000449 -0.013980 -0.001712 -0.009741 0.033262 -0.004145 0.000160 -0.020222 0.001150 0.030404 -0.005347 0.036408 -0.018225 -0.019227 0.027888 -0.022372 -0.026729 -0.028746 -0.008496 0.017371 0.029330 0.032577 0.033017 0.012216 0.049245 -0.054313 0.002659 -0.046201 0.040845 0.062865 -0.049847 0.006845 -0.028503 0.058307 0.074950 -0.036861 0.019422 0.012585 0.086284 0.070666 -0.018986 0.031176 0.031378 0.097556 0.052474 -0.017230 0.032121 0.019759 0.097352 -0.183452 -0.026328 0.046129 -0.074272 -0.048045 -0.076392 0.002894 -0.006517 -0.070029 0.014289 0.031830 0.066311 0.005977 -0.047685 0.072087 0.078739 0.046210 -0.085211 -0.070315 0.062543 0.138645 0.037792 -0.134765 -0.072559 0.056797 0.000482 -0.000554 0.000135 0.000445 -0.000827 0.002538 -0.001466 -0.000308 0.000787 -0.000224 -0.000394 -0.000413 0.000554 0.000031 -0.000040 0.001263 -0.001282 0.000171 0.002407 0.001168 0.000818 0.001368 -0.000077 -0.000251 0.000072 -0.001267 -0.001531 -0.002099 0.000169 0.000129 -0.001143 -0.000713 -0.002986 -0.000719 -0.000098 -0.003176 -0.000313 -0.001909 -0.000152 0.000175 -0.001106 0.000610 -0.000623 -0.003372 0.000080 -0.002537 0.000882 -0.001823 -0.002194 0.000575 0.005608 0.001066 0.107644 -0.009953 0.017859 0.014441 -0.020370 0.093021 -0.006840 -0.000617 0.044240 -0.019802 0.112252 -0.002110 -0.021958 0.056929 -0.019374 0.137412 0.024029 -0.026787 0.058083 -0.042862 0.107813 0.026767 -0.043927 0.001337 -0.000865 -0.001081 0.001399 0.000383 -0.001664 -0.000220 -0.000770 -0.000601 0.000175 0.001154 0.000322 0.000502 0.000836 0.001091 0.000951 0.001113 0.001699 -0.001397 -0.001028 0.000530 0.001710 0.000020 0.000585 0.000684 0.004215 0.009895 -0.001799 0.020944 -0.021677 -0.027997 0.026194 -0.006278 0.006188 -0.002629 -0.051456 0.028403 -0.006235 -0.005397 0.012361 -0.038785 0.045304 0.016586 0.008058 0.007991 -0.037989 0.018427 0.009053 0.015423 0.002998 0.009360 0.075816 0.092121 0.016127 -0.033589 -0.043263 -0.052846 -0.006231 0.001006 -0.025823 -0.096587 -0.065283 -0.042592 -0.049647 0.043419 -0.101461 -0.010684 -0.027180 -0.074997 0.071696 -0.046835 -0.029929 -0.032967 -0.030188 0.022016 0.037609 -0.077608 0.115714 -0.034894 0.151905 0.064674 0.059711 -0.062552 -0.036392 0.142732 0.117003 0.019227 -0.056566 0.000052 0.178949 0.135897 0.003685 -0.008339 -0.019198 0.201506 0.159903 0.026279 0.041186 0.091005 0.167154 0.034384 -0.022546 0.015524 0.044580 0.003782 -0.001133 -0.012044 0.018773 0.037321 0.005132 -0.017618 -0.012483 0.010052 0.011920 -0.006183 -0.018841 -0.012548 0.017023 0.001634 -0.021927 -0.006661 -0.008468 0.022624 -0.000924 -0.029453 0.108577 -0.036276 -0.051046 0.045426 -0.100114 0.153406 -0.129210 -0.072015 -0.038251 -0.076158 0.069583 -0.206397 0.012885 -0.024290 -0.029020 0.056689 -0.159619 -0.038302 -0.018066 -0.051420 0.061192 0.011139 0.023333 0.085760 -0.060745 -0.156209 0.281110 -0.011492 -0.063077 0.034544 -0.148528 0.274854 0.049221 -0.036009 -0.016458 -0.155366 0.235946 0.079916 -0.005256 -0.038171 -0.156823 0.109805 0.007128 0.035278 -0.008015 -0.131365 0.080440 -0.026033 0.056635 -0.021329 -0.105891 -0.002627 -0.089898 0.034216 -0.116900 0.005051 0.014618 -0.138341 0.012095 0.008345 0.068923 -0.064906 -0.144749 -0.001214 0.107724 0.051825 -0.040778 0.026653 0.058755 0.073071 0.069676 -0.108836 -0.039686 -0.049586 