<?xml version="1.0" encoding="utf-8"?>
<opencv_storage>
   <weights_conv2_25 type_id="opencv-matrix">
      <rows>64</rows>
      <cols>25</cols>
      <dt>f</dt>
      <data>-0.059425 -0.065234 -0.060461 -0.060090 -0.057721 -0.028769 -0.040680 -0.034399 -0.031998 -0.038243 -0.036836 -0.043408 -0.047046 -0.043100 -0.042588 -0.033742 -0.032067 -0.040396 -0.033699 -0.030004 -0.042294 -0.038412 -0.040321 -0.038485 -0.041616 -0.044416 -0.039299 -0.041894 -0.015163 -0.021868 -0.063462 -0.055273 -0.031121 -0.021498 -0.047236 -0.069657 -0.051000 -0.004733 -0.020222 -0.054444 -0.048676 -0.049351 -0.031248 -0.037947 -0.054059 -0.038109 -0.056345 -0.068676 -0.054677 -0.050769 -0.031347 0.023185 -0.021646 -0.035430 -0.007175 -0.064836 0.033307 -0.006664 -0.038324 -0.043121 -0.062446 0.083914 0.015122 -0.032276 -0.028463 -0.058759 0.069795 -0.005508 -0.027796 -0.019195 -0.030422 0.010134 -0.038560 -0.004025 -0.026907 0.010831 0.024664 0.020255 0.051211 0.035739 0.044028 0.013525 -0.052512 -0.010546 0.006409 0.045398 -0.024543 -0.084796 0.007825 0.013527 0.047206 0.001080 -0.016708 0.063835 0.042399 0.029165 0.016456 -0.007816 0.020241 0.007605 -0.027174 0.021244 0.026802 -0.030955 0.034228 -0.052738 0.002214 -0.014324 -0.035697 0.028467 0.036577 0.087866 0.036330 -0.052946 0.040568 -0.029220 -0.005867 -0.020216 -0.061657 0.059607 -0.055780 -0.040640 -0.051443 -0.063803 0.022362 -0.064086 -0.060583 -0.084358 -0.054145 -0.050086 -0.064324 -0.035530 -0.020972 -0.039394 -0.077253 -0.088163 -0.025742 0.043214 -0.027087 -0.092920 -0.059935 -0.023742 0.008305 -0.025993 -0.058620 -0.044952 -0.055553 -0.073836 -0.052781 -0.051935 -0.002848 0.066960 -0.163135 0.010435 0.044412 -0.001628 0.061496 -0.257875 -0.017581 0.029797 0.031182 0.072422 0.081547 0.115906 0.051688 -0.000685 -0.033903 -0.059869 -0.042274 0.028965 -0.001681 -0.014445 -0.045935 -0.032854 -0.005719 -0.056984 -0.051661 -0.056933 -0.042958 -0.041493 -0.062091 -0.050261 -0.037456 -0.035314 -0.055416 -0.062740 -0.048406 -0.013878 -0.033103 -0.060558 -0.046336 -0.046358 -0.033762 -0.041080 -0.051587 -0.042863 -0.059373 -0.072478 -0.060686 -0.057475 0.003607 0.007913 0.008985 0.009093 0.008831 0.001491 -0.001298 -0.004372 -0.005471 -0.005173 -0.009040 -0.014608 -0.017583 -0.019893 -0.020284 0.011946 0.010386 0.015255 0.016380 0.011844 0.007269 0.012863 0.021944 0.020107 0.017610 -0.075739 -0.070203 -0.087107 -0.066533 -0.044905 -0.069987 -0.051444 -0.028765 -0.042431 -0.065531 -0.081471 -0.042617 0.020982 -0.025888 -0.074298 -0.053961 -0.036534 -0.003028 -0.018220 -0.044229 -0.046740 -0.070284 -0.072202 -0.049901 -0.049015 0.030233 0.028751 0.032513 0.035194 0.021660 0.015781 0.003360 0.010156 0.015584 0.008212 -0.010924 -0.033542 -0.028719 -0.011873 -0.013482 0.003028 -0.013566 -0.006871 0.019559 0.011724 0.020031 0.020371 0.022291 0.033548 0.017886 0.001181 -0.000018 0.001791 0.000910 -0.001404 -0.000480 0.000197 0.001117 -0.000833 0.001423 -0.000827 -0.000691 -0.001556 -0.000341 0.000379 0.000600 -0.000910 0.000081 -0.001670 -0.000535 0.000148 0.000027 -0.000651 -0.001613 -0.002176 -0.001258 0.000708 0.002567 0.001589 -0.000106 -0.000577 -0.000827 -0.000928 -0.000449 0.000241 -0.001415 -0.000824 0.001024 -0.001150 0.002220 -0.002503 0.001066 -0.000128 -0.000736 -0.000276 -0.000544 -0.000424 0.001142 0.001219 -0.000566 -0.028979 -0.027653 -0.027379 -0.027042 -0.026897 -0.017258 -0.020302 -0.021441 -0.020388 -0.019578 -0.022132 -0.023334 -0.028077 -0.021878 -0.021823 -0.025623 -0.025904 -0.026119 -0.022063 -0.022861 -0.024012 -0.025529 -0.026371 -0.024861 -0.027079 -0.007578 -0.011488 -0.013470 -0.010144 -0.009057 -0.003685 -0.005619 -0.008224 -0.003951 -0.007639 -0.006179 -0.005312 -0.007948 -0.009434 -0.007219 -0.005623 -0.005685 -0.007464 -0.004596 -0.005698 -0.005984 -0.011165 -0.009601 -0.006375 -0.008255 0.000307 -0.000776 -0.000546 0.000182 -0.000925 0.000591 0.000323 -0.001063 -0.000320 -0.002176 -0.001974 -0.000819 0.000558 -0.000237 0.000296 -0.000618 0.000446 0.000151 -0.000394 0.001518 0.000574 -0.000488 0.000885 -0.000690 0.000954 -0.032253 -0.031224 -0.041395 -0.043868 -0.040153 -0.020979 -0.018228 -0.031033 -0.035744 -0.031074 -0.026198 -0.024048 -0.025747 -0.031553 -0.033733 -0.037550 -0.032041 -0.025412 -0.028409 -0.030145 -0.035824 -0.035810 -0.037313 -0.037221 -0.035555 -0.025446 -0.026667 -0.022082 -0.016205 -0.016687 -0.018382 -0.029893 -0.018008 -0.002622 -0.011847 -0.020155 -0.027950 -0.010968 0.003406 -0.008847 -0.009379 -0.014862 -0.007592 -0.000732 -0.013782 -0.002269 -0.016142 -0.016533 -0.013123 -0.024876 0.001345 -0.000497 -0.001828 0.001343 -0.000619 0.000341 0.001227 0.000287 -0.000781 0.000474 0.000402 0.000684 0.001264 -0.001296 -0.000484 -0.000288 -0.000016 0.000365 -0.002228 0.000104 0.000388 -0.000961 0.000404 0.001416 0.000534 0.010316 0.001166 -0.012775 -0.004792 -0.003893 0.026659 -0.005150 -0.000627 -0.021894 0.003293 0.028485 -0.005837 0.039170 -0.022068 -0.017252 0.024438 -0.022733 -0.023928 -0.029631 -0.006888 0.011042 0.028039 0.031125 0.030154 0.014528 0.000490 0.000584 -0.000037 0.000321 -0.001570 -0.000304 -0.001757 -0.000203 -0.000504 0.001431 0.001100 0.002718 0.000628 -0.000604 -0.001364 -0.000371 -0.001125 -0.000138 -0.000766 0.000750 -0.000719 -0.000432 -0.001009 0.001425 0.000812 -0.023229 -0.025958 -0.020531 -0.017689 -0.017573 -0.009537 -0.019738 -0.010677 -0.001239 -0.008295 -0.014465 -0.019527 -0.019040 -0.008218 -0.015085 -0.009408 -0.007154 -0.007869 -0.006333 -0.016553 -0.011120 -0.006450 -0.004481 -0.007028 -0.019594 -0.000165 0.001069 0.000816 0.000132 0.001137 0.000917 -0.000288 -0.000010 -0.001216 -0.000360 0.000059 0.000043 0.000167 0.001541 -0.001046 -0.000412 -0.000847 0.001559 -0.000444 -0.000248 -0.000448 -0.000265 0.000707 -0.000695 0.000174 0.000293 0.000557 -0.000288 -0.000069 0.000734 -0.000504 0.000409 -0.001004 0.001104 -0.000685 0.000568 -0.000554 0.000419 0.000198 -0.001679 -0.000400 -0.000792 0.000738 0.000422 -0.001688 -0.000191 0.001999 0.000082 -0.000458 0.000182 -0.022384 -0.013454 -0.006296 -0.015599 -0.026486 -0.020972 -0.017367 -0.011824 -0.012148 -0.019888 -0.015844 -0.017333 -0.025943 -0.027539 -0.026823 -0.019276 -0.011874 -0.027037 -0.038471 -0.032643 -0.022933 -0.016560 -0.020605 -0.035274 -0.030731 -0.000978 -0.000584 -0.000580 -0.000375 0.001498 -0.000107 0.001062 0.000453 0.001234 -0.001501 0.000525 -0.000876 0.000276 -0.000275 0.000055 -0.000466 0.001902 0.000489 0.001579 0.000195 0.000162 -0.000427 -0.000231 0.000242 -0.000481 -0.043309 -0.039192 -0.048745 -0.035871 -0.032004 -0.045202 -0.028121 -0.019074 -0.027995 -0.041254 -0.042381 -0.019222 0.006330 -0.022631 -0.040477 -0.026194 -0.019940 -0.017326 -0.026342 -0.026336 -0.029303 -0.040504 -0.057420 -0.044519 -0.034994 0.034040 0.083640 0.056677 -0.025883 -0.004505 -0.020987 -0.081911 -0.053428 -0.021482 -0.031400 -0.063704 -0.080592 -0.064297 -0.050454 0.066067 -0.113356 -0.066895 -0.075658 -0.118899 0.073724 -0.063126 -0.114885 -0.083288 -0.065210 -0.004642 0.012231 0.006769 0.021207 0.029187 0.008272 0.042577 0.009212 -0.026573 0.041721 0.044669 0.036906 0.009046 -0.135355 -0.026999 0.042666 -0.000643 0.008586 -0.077783 0.009680 0.068997 -0.015259 0.030224 0.008415 0.004687 0.018197 -0.019681 -0.022449 -0.030811 -0.030472 -0.034497 -0.027764 -0.014036 -0.014648 -0.030367 -0.032270 -0.032209 -0.013032 -0.006789 -0.027977 -0.030084 -0.027207 -0.022905 -0.018676 -0.023711 -0.023450 -0.029458 -0.036755 -0.032401 -0.030548 -0.029994 -0.080651 -0.065956 -0.132737 -0.073213 -0.058669 -0.034144 -0.088837 -0.029899 -0.063301 -0.075853 -0.080477 -0.079862 0.104544 -0.042422 -0.119586 -0.073316 -0.167493 -0.078344 -0.122910 -0.104126 -0.034453 -0.069689 -0.075665 -0.028664 -0.062997 0.009030 0.018614 -0.044614 -0.013602 -0.034096 -0.024869 0.088227 -0.074842 -0.022742 0.024847 -0.038133 0.137459 -0.107318 -0.041200 0.052569 -0.015961 0.086676 -0.084436 -0.046119 0.031483 -0.064525 0.056377 0.000309 -0.009514 -0.012156 -0.053706 -0.041503 -0.060555 -0.063171 0.011192 