<?xml version="1.0" encoding="utf-8"?>
<opencv_storage>
   <weights_conv2_22 type_id="opencv-matrix">
      <rows>64</rows>
      <cols>25</cols>
      <dt>f</dt>
      <data>-0.002517 -0.007371 -0.007390 -0.002337 -0.000218 -0.002238 -0.007942 -0.008573 -0.004714 -0.002878 -0.003887 -0.006809 -0.009547 -0.007576 -0.001214 -0.006017 -0.006168 -0.007696 -0.007988 -0.006716 -0.008398 -0.003310 -0.002580 -0.007668 -0.008607 -0.012464 -0.001473 0.004011 0.003567 0.000438 -0.010816 -0.001815 0.005378 0.002771 -0.003560 -0.009689 -0.005404 -0.000135 0.002946 -0.002560 -0.011245 -0.003860 0.003570 0.007701 -0.001927 -0.008568 -0.000072 0.006311 0.001170 -0.008765 -0.008531 0.015082 0.014081 0.005625 0.017861 -0.009869 0.012896 0.008272 -0.005067 0.010301 -0.005269 0.014448 0.008758 -0.000684 0.009166 -0.002535 0.013759 0.008975 0.003655 0.012859 -0.004448 0.010946 0.008807 0.002210 0.006460 0.001280 0.000190 0.001298 0.000108 -0.000417 -0.000769 -0.000531 -0.000490 0.001284 -0.000115 -0.000962 0.000021 0.000954 -0.001091 -0.000547 0.001321 0.000613 -0.000552 0.000406 0.000971 0.002269 0.000497 0.000297 0.001051 -0.000302 -0.002136 0.001434 0.004101 0.000929 0.008038 -0.000164 0.007056 0.003786 -0.003352 0.003081 0.004610 0.007980 0.012385 0.000735 0.006130 -0.003334 0.001783 0.008691 0.003097 0.007505 0.000093 0.004444 0.011221 0.007590 0.005959 -0.020307 -0.002156 0.004308 0.004896 0.001969 -0.017183 -0.001621 0.001029 -0.000203 -0.001489 -0.019303 -0.013741 -0.005975 -0.001568 -0.004241 -0.017337 -0.012246 0.005468 0.008829 0.002432 -0.016827 -0.002906 0.008030 0.005815 -0.001083 -0.004999 -0.000567 0.003723 0.012091 0.026604 -0.006258 0.000973 -0.001730 0.006402 0.013860 -0.010660 -0.001102 0.018146 0.006187 -0.001372 -0.006004 -0.004544 0.004023 -0.008227 0.005350 -0.010043 -0.008489 -0.002302 -0.008645 -0.007186 -0.014729 -0.005935 -0.001848 -0.001871 -0.001669 -0.010934 -0.006098 -0.006370 -0.003085 -0.005513 -0.011036 -0.009813 -0.007306 -0.007718 -0.007407 -0.014076 -0.010799 -0.005100 -0.000577 -0.006335 -0.011808 -0.006935 -0.000856 -0.003240 -0.010104 -0.000584 -0.002204 -0.000129 -0.000493 0.000091 0.000961 0.001446 0.000575 -0.000507 0.001981 0.000160 0.000750 0.000659 -0.001183 -0.000807 -0.000679 -0.000267 -0.001440 -0.001612 -0.000229 -0.000658 0.000244 -0.001413 -0.001369 -0.002210 -0.016309 -0.002941 0.000144 -0.001880 -0.003493 -0.017294 -0.006126 -0.004610 -0.004350 -0.006273 -0.018167 -0.015348 -0.008426 -0.004265 -0.007503 -0.019441 -0.015090 -0.000741 0.006646 -0.000815 -0.018757 -0.008310 0.003949 0.002053 -0.004742 0.001306 0.000225 -0.000642 -0.002384 0.000163 -0.000444 -0.000534 0.000834 0.000951 -0.002281 0.001619 0.001726 -0.001825 -0.000642 0.000959 0.000956 0.000373 -0.000396 0.000637 -0.000387 -0.001697 0.001328 0.001245 -0.000251 -0.002226 -0.000712 -0.000106 0.000629 0.000826 0.002217 -0.000709 0.000391 -0.001384 -0.001443 -0.001052 -0.000451 -0.000040 -0.000556 -0.000114 -0.000010 0.000562 0.000699 -0.000934 0.000736 -0.000403 -0.000406 0.001749 0.000519 -0.000099 -0.000254 -0.001262 -0.000404 -0.000189 0.000836 0.001728 0.000236 -0.000954 0.000434 0.000673 -0.000239 0.000854 0.000913 -0.001352 0.002325 -0.001049 0.000379 -0.001875 0.000315 -0.001256 0.000991 0.000225 -0.001468 -0.001298 0.000007 0.000028 -0.002244 -0.004010 -0.004304 -0.001455 -0.002531 -0.003001 -0.003281 -0.007603 -0.004758 -0.002790 -0.002167 -0.004334 -0.004220 -0.006793 -0.005230 -0.000370 -0.002222 -0.002814 -0.003442 -0.006500 -0.003682 -0.002810 -0.004172 -0.003137 -0.005488 -0.000114 -0.000662 0.000666 -0.002070 -0.001093 0.000412 -0.000013 -0.001092 -0.000389 -0.000174 0.000184 -0.001150 -0.001230 -0.001333 -0.002259 -0.000732 -0.002090 -0.003309 -0.001307 -0.001266 -0.000024 0.000737 0.000595 -0.000648 0.000853 -0.000281 -0.000360 -0.001680 0.000538 -0.001701 0.000226 0.001003 -0.000923 -0.000373 -0.000435 -0.000533 -0.000516 0.000577 -0.000924 -0.001082 0.000641 0.000828 -0.001757 0.000379 0.002629 0.001267 -0.000592 -0.000958 -0.000180 0.000263 -0.004835 0.000172 -0.002469 -0.002582 -0.003310 -0.003640 -0.002684 -0.005958 -0.004939 -0.004866 -0.003325 -0.002144 -0.006690 -0.006799 -0.005703 -0.002591 -0.003607 -0.005733 -0.004267 -0.002177 -0.003738 -0.006128 -0.003514 -0.003676 -0.001732 -0.001198 -0.002152 -0.004732 -0.002142 -0.004598 -0.002660 -0.005273 -0.004251 -0.002563 -0.004053 -0.004767 -0.004589 -0.001908 -0.001372 -0.001583 -0.004065 -0.003005 -0.001322 -0.000065 -0.003109 -0.004146 -0.000407 -0.000337 -0.000860 -0.005777 0.001254 -0.000900 0.000678 0.000949 0.000283 -0.000918 -0.001527 -0.001063 -0.001211 -0.000387 0.000400 0.000918 -0.001704 -0.001221 -0.000383 -0.000087 -0.000697 -0.000756 0.001696 -0.001106 0.001932 0.000397 -0.000577 0.001084 0.000710 -0.006746 0.000716 -0.001591 -0.003442 -0.002439 -0.000551 -0.002416 -0.001076 -0.000319 -0.002238 -0.004148 -0.014958 -0.003426 0.003982 -0.001883 -0.006534 -0.012807 -0.003342 0.007466 0.001243 -0.014604 -0.007124 0.005065 0.007676 -0.000251 0.001453 0.001041 0.000204 0.000375 0.000903 -0.001255 -0.000170 0.000821 -0.000295 -0.000939 0.000102 -0.000015 -0.001373 -0.000393 -0.000239 -0.000544 -0.001106 0.001417 -0.000720 -0.000149 0.000071 -0.000734 -0.001638 -0.001385 0.000040 -0.002373 -0.005570 -0.006926 -0.003787 -0.001663 -0.003100 -0.003477 -0.005130 -0.002122 -0.002618 -0.002785 -0.002192 -0.005827 -0.003536 -0.001503 -0.005611 -0.004868 -0.004333 -0.003890 -0.007060 -0.005125 -0.003313 -0.003636 -0.002865 -0.006197 -0.001095 -0.001677 -0.001396 0.000522 0.000051 -0.001064 0.001028 -0.000692 -0.001018 -0.000752 -0.000677 0.000327 -0.001602 -0.001278 -0.001088 0.000006 0.000126 -0.000773 -0.001053 0.001221 0.001602 0.001536 0.000534 0.000614 0.000018 0.001193 -0.000233 -0.000416 0.001412 0.000954 0.000034 0.003110 0.001160 -0.000381 0.001165 0.001507 0.000543 0.000071 0.000669 0.000717 -0.000975 0.002227 -0.002595 -0.000424 0.000232 0.001001 0.000309 0.001570 -0.000834 -0.000102 -0.003175 -0.003545 -0.002835 0.000411 0.001178 -0.002436 -0.002929 -0.003149 0.000685 0.000287 0.002262 -0.000538 -0.002279 -0.001183 -0.001717 -0.001595 -0.001750 -0.003860 -0.005426 -0.004739 -0.001108 -0.001500 -0.005235 -0.005888 -0.005101 0.000482 -0.000965 -0.000220 -0.000819 0.001318 0.000364 0.000854 0.000782 0.000020 -0.001437 -0.001018 -0.001390 0.000743 0.000680 -0.000207 -0.000978 -0.000212 0.000855 -0.002157 -0.001572 0.001230 0.000032 0.000733 -0.000693 -0.000242 -0.009739 0.000699 0.003096 0.002226 0.003140 -0.010559 -0.003777 -0.001608 -0.001955 -0.004831 -0.009512 -0.009140 -0.007380 -0.004531 -0.004067 -0.008409 -0.008693 -0.002770 0.000596 -0.000392 -0.008540 -0.002498 0.000510 -0.002052 -0.005302 -0.018835 -0.008399 -0.012165 -0.007469 0.002735 -0.005600 0.002494 0.001233 0.000629 -0.000176 -0.017320 -0.002140 0.001574 0.001592 -0.006598 -0.021907 -0.000978 0.006298 0.001872 -0.007208 -0.009978 0.003630 0.016737 0.014373 -0.004846 0.007149 -0.004133 0.005769 0.007360 0.002184 0.001849 0.001271 0.001728 -0.000508 0.000051 0.004459 0.006845 -0.007662 -0.005672 0.004333 0.007138 0.004066 -0.002340 -0.003353 0.010864 0.007768 0.008425 0.001060 -0.001245 0.011395 -0.001093 0.002248 0.001162 -0.002091 -0.001827 -0.003271 -0.001234 -0.002953 -0.004137 -0.004711 -0.003010 -0.003332 -0.005615 -0.002503 -0.003377 -0.003443 -0.001080 -0.002983 -0.002813 -0.000867 -0.004508 -0.004304 -0.003609 -0.004791 -0.002417 -0.026689 -0.000663 0.001950 0.003310 0.006327 -0.017706 -0.004144 0.006859 0.008350 0.003943 -0.026813 -0.017142 0.002537 0.006962 0.004526 -0.025135 -0.021682 0.008325 0.021851 0.008712 -0.020099 -0.000817 0.012879 0.013924 0.001884 0.016660 -0.006210 0.013892 0.007434 -0.010740 0.018555 0.002742 0.013554 0.005619 -0.016276 0.020063 0.003594 0.011644 0.001703 -0.017626 0.017733 -0.004257 0.011643 -0.002606 -0.018957 0.013172 -0.012131 0.012926 -0.002243 -0.016692 0.000992 0.006245 0.001863 0.004497 0.009851 -0.007433 -0.000124 -0.004848 -0.009332 -0.005837 -0.006945 