<?xml version="1.0" encoding="utf-8"?>
<opencv_storage>
   <weights_conv2_3 type_id="opencv-matrix">
      <rows>64</rows>
      <cols>25</cols>
      <dt>f</dt>
      <data>-0.034581 0.017896 -0.014978 -0.080298 -0.040810 -0.011430 0.043181 0.018691 -0.009349 0.021489 0.018731 0.053940 0.035917 0.043616 0.068052 0.016161 0.034684 0.036498 0.041986 0.029572 0.024415 0.011428 0.019499 0.002741 -0.013598 0.059478 0.003636 0.006634 0.045323 0.040902 -0.005642 0.000192 0.001687 -0.006944 -0.008771 -0.014667 0.019588 0.005909 -0.015918 -0.017792 0.029708 0.031096 0.010843 0.034180 -0.007714 0.075651 0.015269 -0.038803 -0.020942 -0.059725 -0.011522 -0.055804 -0.084110 -0.146541 -0.069092 -0.044327 -0.049820 -0.053938 -0.039050 0.094838 -0.050886 -0.045761 -0.175553 0.001315 0.132013 -0.128733 -0.102842 -0.245171 -0.084753 -0.033081 -0.042974 0.053702 -0.267084 -0.206111 -0.085307 0.012206 0.023109 0.020162 0.048545 0.036730 0.045940 0.016781 -0.052881 -0.010760 0.007955 0.045309 -0.025060 -0.082605 0.009067 0.014225 0.047543 0.000540 -0.013404 0.065808 0.044166 0.029806 0.017529 -0.006907 0.023016 0.005047 -0.166384 -0.166862 -0.002443 -0.143023 0.037634 0.220030 0.081149 0.064844 -0.003732 0.062256 0.074606 0.098630 0.184306 0.079355 0.096727 0.012221 -0.168692 -0.017609 -0.018741 0.053840 0.084126 -0.059492 0.037254 0.027174 0.085491 0.025728 -0.062622 -0.018616 -0.027270 -0.068933 -0.028502 -0.012443 0.024839 -0.023580 -0.017436 -0.013701 0.113598 0.053500 -0.068058 -0.028535 -0.017792 0.097425 0.014094 -0.011652 0.036996 -0.009791 -0.019087 -0.109678 -0.062726 0.027271 0.183466 0.180168 -0.315553 -0.304818 -0.263870 0.287565 0.102161 -0.534274 -0.346309 -0.372584 0.273944 0.297479 -0.071076 -0.069301 -0.219783 0.042772 0.048343 -0.177490 -0.168964 -0.045056 0.070915 0.085071 0.015122 0.004253 -0.062499 0.007407 0.000074 0.004758 0.008707 -0.000927 -0.062569 -0.016879 -0.012173 -0.013988 -0.018852 -0.056235 0.028980 -0.001452 -0.024115 -0.015725 -0.047731 0.046700 0.025482 0.033696 -0.004732 -0.018504 0.027322 -0.013328 -0.018985 -0.040906 0.041742 -0.020310 -0.037933 -0.029104 -0.044200 -0.024956 -0.099901 -0.145995 -0.134915 -0.157589 -0.044147 -0.084997 -0.077518 -0.062634 -0.079263 0.039989 0.023986 0.068256 0.128507 0.104598 0.067191 0.038049 0.066939 0.095927 0.042515 -0.023503 -0.044463 -0.014407 0.002998 -0.014151 -0.078207 -0.005545 0.031279 0.022141 0.026507 0.008216 0.124495 0.096067 0.043412 0.047661 0.003252 0.088969 0.061576 0.095745 0.077661 -0.000668 -0.030081 -0.077357 0.000545 0.049052 0.064639 0.067366 0.067967 0.077193 0.065540 0.003555 0.000674 0.003601 0.011799 0.003479 -0.036793 -0.061769 -0.059069 -0.037785 -0.032857 -0.000676 -0.013519 -0.005671 0.017160 0.009220 0.015701 0.010248 0.018206 0.029715 0.016987 0.001041 0.000347 0.000992 -0.000771 -0.000160 -0.000185 0.001132 -0.000493 -0.001365 -0.000446 0.000095 0.000280 -0.000667 -0.001610 -0.000661 -0.001684 -0.000697 0.000191 0.000621 -0.001317 -0.001137 0.001060 0.000100 -0.001616 0.000444 0.000536 0.000800 -0.000677 -0.001119 0.000232 0.000556 0.000407 -0.000838 0.001441 0.000974 0.001849 -0.000113 -0.000661 -0.000543 0.000144 -0.001478 -0.000656 0.001465 -0.000212 0.000142 0.000456 -0.001800 -0.000503 -0.000317 -0.000471 -0.046739 -0.009510 -0.010521 -0.018778 -0.006757 -0.024365 -0.001171 -0.011329 -0.008368 -0.001381 -0.014782 0.015341 0.004089 0.010478 -0.001893 -0.017818 0.022607 0.018060 0.013704 -0.008324 -0.003112 0.018219 -0.001679 -0.017968 -0.032645 0.017245 0.019249 0.027640 0.025328 0.014080 -0.012206 -0.000542 0.004950 0.009291 0.010260 -0.027006 0.003346 0.011895 0.016345 0.019077 -0.030009 -0.001324 0.006967 0.008990 0.012497 -0.031772 -0.012096 -0.015420 -0.012174 -0.002254 -0.002229 0.000057 -0.000609 0.000082 -0.000337 0.000193 -0.000152 0.002270 0.001325 0.000421 0.001960 0.000148 0.000923 0.000813 -0.000268 -0.000118 0.000387 0.000026 0.000787 0.001009 0.000696 0.000468 -0.000398 0.000348 -0.001175 -0.005317 -0.017086 -0.025049 -0.040454 -0.009762 0.011164 -0.021167 -0.049933 -0.052624 -0.015874 0.014909 -0.007790 -0.047001 -0.051772 0.006743 -0.026633 -0.025350 -0.053129 -0.029780 0.040169 -0.014539 -0.031670 -0.058232 -0.023145 0.026918 -0.132611 -0.039785 -0.026228 -0.037998 0.062765 -0.075983 0.072612 -0.056741 -0.138852 -0.014672 -0.186413 -0.028258 -0.080270 -0.035301 0.024145 -0.199934 -0.030695 -0.059731 0.022232 0.060005 -0.098244 0.039253 -0.060586 0.004915 -0.000482 0.002127 -0.000644 -0.001704 -0.001421 -0.000111 -0.000613 0.000184 0.000846 0.000758 -0.000045 -0.000580 0.000429 -0.000307 -0.000335 0.000112 0.001516 -0.000897 0.000261 -0.000532 0.000372 0.000111 -0.000586 0.000377 -0.000779 -0.000625 0.028637 0.001307 -0.017365 -0.011854 -0.000211 0.039087 -0.000303 -0.003359 -0.030777 0.003432 0.031042 0.007359 0.044473 -0.021508 -0.013874 0.028539 -0.006314 -0.007605 -0.025884 0.004000 0.018585 0.034472 0.036473 0.031926 0.038374 0.008674 0.029239 0.036081 -0.000785 0.007867 0.011664 -0.010626 -0.034532 -0.072196 -0.046062 -0.001474 -0.021600 -0.030306 -0.081711 -0.018057 0.035829 0.014808 0.031915 -0.029402 0.061500 0.021080 0.031500 0.058658 -0.009696 0.096516 0.037898 0.015303 -0.084976 -0.064454 -0.010889 0.061788 0.056976 0.108557 0.158878 0.102584 -0.127899 -0.158072 -0.116384 -0.047454 -0.026173 0.080450 -0.010325 0.033430 0.087316 0.013479 0.083513 0.039761 0.102304 0.096041 -0.032223 -0.000726 -0.000113 -0.000079 -0.001738 -0.000175 0.000448 -0.000612 -0.000631 0.000568 0.001038 -0.000904 -0.000273 -0.000382 0.000539 -0.000353 0.000607 -0.000927 0.001975 0.000413 0.000700 -0.000052 -0.000648 0.000026 -0.000436 0.001462 0.000881 0.000403 0.002581 0.002137 0.003063 0.005668 0.001351 0.003600 0.001622 0.000249 0.005210 0.003709 0.002822 0.002858 0.000081 0.007875 0.003640 0.002853 -0.000322 -0.002116 0.003479 0.004518 0.001962 0.000417 -0.002095 -0.007372 -0.045816 -0.067214 -0.074005 -0.047867 0.049645 0.050130 -0.009889 -0.015349 0.041647 -0.008852 0.016559 -0.052992 -0.054295 0.023345 -0.095129 -0.006441 -0.030758 -0.070059 -0.059457 -0.062034 0.045451 0.042150 -0.015014 -0.012824 -0.000646 -0.000252 0.000362 -0.000996 -0.000559 0.000869 -0.000704 0.001047 0.001432 0.000517 0.000266 0.000408 -0.000830 0.000543 -0.001423 0.000809 0.000233 -0.000874 -0.001452 -0.000548 -0.001716 0.001236 0.001397 0.001444 0.000167 0.019681 -0.013007 -0.017655 -0.023261 -0.024552 -0.021960 -0.002162 0.001596 -0.007648 -0.001117 0.017184 0.051613 0.019867 0.004606 0.013436 0.021987 0.049449 0.028058 0.039178 0.005527 0.017131 0.025464 0.000774 -0.006558 -0.030432 0.026216 0.087734 0.087066 -0.026633 -0.041735 0.034071 -0.038200 0.005060 0.051931 0.060596 -0.001513 -0.064056 -0.075679 -0.027548 0.082756 -0.017140 -0.051800 -0.101888 -0.022274 0.143364 0.006617 -0.063676 -0.083008 0.062512 0.121860 -0.039855 0.112441 0.148586 0.224068 -0.048675 0.020719 -0.158924 -0.196774 0.172058 0.073556 0.037936 0.027021 -0.029791 0.067046 -0.106640 -0.199385 -0.117283 -0.120918 0.163297 0.003986 0.207649 0.295357 0.194141 0.328774 -0.045727 -0.039154 -0.009424 0.034504 0.026424 0.014942 -0.036342 -0.007772 0.016056 0.022821 0.039446 0.000185 0.017905 -0.013538 -0.023454 0.014573 -0.021378 0.004522 -0.025458 -0.011358 0.007149 -0.017677 0.003492 -0.018825 0.005155 0.055050 0.058176 0.035950 0.046728 -0.067240 0.035046 0.105853 -0.119100 -0.137097 -0.146387 -0.063945 0.184737 -0.011272 -0.043218 -0.199276 -0.043338 -0.006673 -0.155210 -0.282086 -0.161198 0.000525 0.094209 0.096636 0.149538 0.039978 -0.029583 0.135399 0.048490 -0.061044 -0.028860 0.017708 -0.040234 -0.033208 -0.122211 0.011571 0.048481 -0.034866 -0.037586 -0.141200 -0.056303 -0.013520 0.098806 0.009425 -0.087511 -0.047053 -0.011008 0.182475 0.040918 0.080945 0.102122 0.006636 -0.005262 0.122049 0.098366 0.015674 0.107268 -0.078554 -0.042236 -0.018503 0.024937 -0.004339 0.162310 0.078986 0.172364 0.167959 -0.026627 -0.024239 -0.036651 0.034834 0.007152 -0.251163 -0.108492 -0.189874 -0.289377 -0.122204 