<?xml version="1.0" encoding="utf-8"?>
<opencv_storage>
   <weights_conv2_32 type_id="opencv-matrix">
      <rows>64</rows>
      <cols>25</cols>
      <dt>f</dt>
      <data>-0.030843 -0.034292 -0.022548 -0.018953 -0.024594 -0.032271 -0.031689 -0.016143 -0.013667 -0.021609 -0.017947 -0.018621 -0.015326 -0.014527 -0.015540 -0.018337 -0.016353 -0.019678 -0.026991 -0.024697 -0.018917 -0.010320 -0.007015 -0.019872 -0.027765 -0.003831 -0.010989 -0.023001 0.002071 0.010268 -0.008762 0.005211 0.018320 0.028729 0.002023 -0.023003 0.008144 0.039571 0.025346 -0.015794 -0.006963 0.002691 0.009338 0.008456 -0.003846 0.001171 -0.008109 -0.025638 -0.002578 0.008798 -0.009468 0.010023 -0.008984 0.036614 0.030512 -0.029308 0.012185 -0.020489 -0.012333 0.009636 -0.027245 0.042977 -0.005574 -0.037410 -0.018338 -0.018081 0.054930 0.001885 -0.011849 -0.001073 -0.011641 0.038197 -0.009391 0.001260 -0.000034 0.013376 0.026264 0.019014 0.049147 0.035870 0.048333 0.020342 -0.053790 -0.010902 0.006681 0.049982 -0.023832 -0.086417 0.007134 0.014415 0.052876 0.002445 -0.015999 0.063991 0.044381 0.031481 0.016771 -0.005607 0.021068 0.006145 0.000269 0.000621 -0.012302 -0.016572 0.005378 0.013671 0.015510 -0.005860 -0.020044 0.011362 0.024630 0.036763 0.027204 -0.006542 0.022373 -0.006562 -0.010642 -0.000198 -0.016299 -0.000711 0.005119 -0.004756 0.003530 -0.000676 0.010411 0.001193 -0.027713 -0.057988 -0.018523 -0.014665 0.001905 0.015042 0.036300 0.038533 -0.022371 -0.027205 0.014301 0.074242 0.035789 -0.062325 -0.005195 0.001216 0.014102 0.008404 -0.033448 0.023016 -0.001786 -0.035957 -0.002325 0.014649 0.031347 -0.010471 -0.156879 -0.071518 0.034398 0.070320 0.055803 -0.169451 -0.015107 0.080020 0.064345 0.091222 0.042696 0.092560 0.066256 0.018626 0.006948 -0.016708 -0.024574 0.004893 0.035638 0.036990 0.029645 0.015426 0.048224 -0.016523 -0.025030 -0.032924 -0.014539 -0.008360 -0.019837 -0.016128 0.000748 0.006267 -0.018936 -0.029095 -0.005072 0.024966 0.011839 -0.032882 -0.018878 -0.010135 -0.004245 -0.008320 -0.022582 -0.008381 -0.014490 -0.031557 -0.022767 -0.011689 0.004308 0.006307 0.006713 0.006316 0.006133 0.000478 -0.002405 -0.002607 -0.001726 -0.000769 -0.005540 -0.008358 -0.011845 -0.012078 -0.011942 0.004342 0.002469 0.004562 0.006867 0.000862 0.007834 0.013387 0.015965 0.016125 0.011205 -0.012413 -0.031856 -0.055950 -0.025523 -0.018344 -0.014113 0.003996 0.025369 0.026048 -0.020737 -0.036620 0.002644 0.056199 0.029459 -0.041886 -0.015819 -0.009111 -0.001587 0.004364 -0.016339 0.008761 -0.007516 -0.037078 -0.007913 0.018460 0.028929 0.023125 0.030298 0.034976 0.021467 0.014375 0.002976 0.006488 0.013830 0.006181 -0.010623 -0.034475 -0.028111 -0.010938 -0.010662 0.003324 -0.014705 -0.005431 0.018570 0.011585 0.021687 0.017413 0.024730 0.035000 0.018531 -0.000919 0.001242 0.000786 -0.000143 0.001675 0.000452 -0.000224 -0.000316 -0.001153 0.000122 -0.000551 0.000136 -0.000835 -0.001609 -0.000737 -0.001197 -0.000538 0.000211 -0.001164 -0.000166 -0.001054 -0.000572 -0.001159 0.000142 0.000905 0.001661 0.000233 0.000236 -0.000220 0.001294 0.000783 -0.000120 0.000536 -0.000869 -0.000461 0.000594 -0.000772 0.000646 0.001682 -0.000967 0.001095 -0.000344 -0.001306 -0.000695 0.000597 0.000483 -0.000637 -0.000111 -0.001286 0.000260 -0.015347 -0.013441 -0.009000 -0.010547 -0.012056 -0.012655 -0.013806 -0.013179 -0.014403 -0.013912 -0.010978 -0.009603 -0.007767 -0.008973 -0.008680 -0.010436 -0.009980 -0.007672 -0.010163 -0.013037 -0.013052 -0.010407 -0.005237 -0.012103 -0.016880 -0.004960 -0.006342 -0.005454 -0.002363 -0.001689 -0.006822 -0.003001 -0.004936 -0.004996 -0.002818 -0.001913 -0.003187 -0.002708 -0.003983 -0.004642 -0.004279 -0.004605 -0.003546 -0.002845 -0.004404 -0.002513 -0.002529 -0.002157 -0.002623 -0.004572 -0.000986 -0.001124 0.000308 -0.000988 -0.000548 0.001140 -0.000192 -0.003031 -0.000498 -0.000436 0.000999 -0.000069 -0.001006 -0.000863 -0.000785 0.000431 -0.000043 0.002046 0.001706 -0.000098 -0.000385 0.001004 0.000290 -0.000429 0.000400 -0.006734 -0.010465 -0.012702 -0.016118 -0.015220 -0.006392 -0.005230 -0.009692 -0.011346 -0.015591 -0.006224 -0.008505 -0.000991 -0.003775 -0.009972 -0.013646 -0.009192 -0.007096 -0.008445 -0.014343 -0.009334 -0.007345 -0.011358 -0.012984 -0.013719 -0.016754 -0.012621 -0.015693 -0.005967 0.002217 -0.015678 -0.010984 -0.006781 0.004259 0.002799 -0.013452 -0.009436 -0.003416 0.003730 0.003946 -0.014346 -0.006735 -0.007879 -0.004125 -0.002131 -0.009706 -0.006745 -0.013073 -0.009796 -0.003711 -0.001513 0.000985 -0.001228 -0.001140 -0.000152 0.001456 0.000433 0.001862 -0.001464 -0.001133 0.000200 0.000632 0.001404 -0.001345 0.002157 -0.001217 -0.001819 0.000672 -0.000060 0.000648 -0.001216 0.001200 0.000618 -0.000870 -0.000986 0.033428 0.005943 -0.017673 -0.006253 -0.002039 0.051371 0.013658 0.012480 -0.006132 0.006753 0.036809 0.008444 0.045606 -0.006430 -0.017991 0.045832 0.001272 -0.006278 -0.017141 0.004242 0.050394 0.054606 0.044891 0.048466 0.051998 0.000386 -0.000517 -0.000488 0.001029 -0.001086 -0.001336 0.000069 0.001118 0.000541 -0.000265 0.000214 -0.000483 0.000169 0.000093 0.000182 -0.001283 -0.001493 0.001517 0.003182 0.000851 -0.000310 -0.000036 0.001246 -0.000262 -0.000338 -0.025617 -0.027018 -0.019855 -0.013348 -0.011936 -0.023479 -0.027129 -0.016684 -0.009219 -0.012463 -0.016409 -0.013954 -0.013072 -0.011014 -0.007238 -0.019307 -0.010882 -0.012824 -0.015436 -0.016492 -0.014679 -0.008625 -0.006412 -0.009048 -0.016947 -0.000438 -0.000039 0.000505 -0.000472 -0.000028 -0.000525 -0.000911 -0.000504 0.000702 0.001167 0.000940 -0.001569 0.000306 0.002372 -0.000296 0.000657 -0.000203 -0.000005 0.000225 0.001730 0.000449 0.000466 0.000305 -0.001427 -0.000637 0.000362 0.000163 0.000564 0.001615 -0.000054 0.000349 -0.000002 0.000075 -0.000801 -0.000250 0.000327 0.001141 0.000551 -0.002217 0.000466 -0.001230 0.000580 -0.001139 -0.000760 0.000566 -0.000802 0.000719 -0.000899 -0.000813 -0.000540 -0.014668 -0.006949 0.005556 0.003751 -0.004554 -0.011434 -0.014071 -0.002622 -0.000269 -0.006254 -0.002797 -0.005246 -0.006626 -0.007994 -0.006923 -0.002672 -0.004491 -0.006297 -0.015518 -0.016703 -0.012642 -0.011435 -0.005403 -0.014326 -0.023002 0.000757 0.000485 0.000388 -0.001635 -0.000264 -0.001140 0.000263 -0.000392 -0.000030 -0.000717 -0.000310 0.000783 0.000034 0.001155 0.001098 0.000751 0.000049 0.001286 0.000439 -0.000449 -0.000459 -0.000285 0.002532 -0.000544 -0.001025 -0.003016 -0.012171 -0.022763 -0.001802 -0.001685 -0.011537 -0.001193 0.016651 0.018018 -0.013733 -0.020357 -0.001657 0.027561 0.010850 -0.030582 -0.006971 -0.009576 -0.009584 -0.006429 -0.015180 0.000227 -0.012270 -0.030799 -0.013661 -0.002406 0.016429 0.046749 0.046279 -0.009182 -0.000708 0.004549 -0.025041 0.004339 0.013304 0.008392 -0.036596 -0.023361 -0.007418 -0.023729 0.032364 -0.063295 -0.013600 -0.015257 -0.060241 0.031154 -0.020621 -0.034600 -0.023964 -0.001383 0.054228 -0.004885 -0.029525 -0.007836 0.023119 0.027479 0.006601 0.011676 -0.027382 0.006026 0.051197 0.045701 0.027390 -0.096177 0.002546 0.067974 0.050814 -0.010374 -0.085851 0.040950 0.062329 0.033808 0.002242 -0.001494 0.043388 0.019794 -0.002653 -0.010062 -0.009027 -0.007059 -0.012507 -0.004913 -0.002345 0.004695 -0.004295 -0.021392 -0.006880 -0.000521 0.007886 -0.005434 -0.021557 -0.004789 -0.009231 -0.005827 -0.002365 -0.012105 -0.004035 -0.012691 -0.013270 -0.003727 -0.003178 -0.002030 -0.050546 -0.087886 -0.039007 -0.033101 -0.005399 -0.032158 0.034430 0.012688 -0.050087 -0.045463 -0.002775 0.134274 0.056020 -0.069550 -0.027167 -0.070962 -0.013406 -0.032341 -0.049779 0.015810 -0.026699 -0.065264 -0.008098 0.021227 -0.027568 0.034572 -0.035150 -0.039268 -0.005844 -0.030667 0.074059 -0.051237 -0.062801 0.013385 -0.026044 0.094877 -0.069554 -0.085223 0.014025 -0.017071 0.076898 -0.062143 -0.073449 -0.000166 -0.008678 0.059611 -0.008404 -0.026927 -0.012560 0.027011 0.001262 -0.008386 0.010696 -0.006708 0.014547 -0.003127 -0.002177 -0.003816 -0.026321 -0.003368 -0.012145 