<?xml version="1.0" encoding="utf-8"?>
<opencv_storage>
   <weights_conv2_23 type_id="opencv-matrix">
      <rows>64</rows>
      <cols>25</cols>
      <dt>f</dt>
      <data>-0.050433 -0.023235 -0.008161 -0.020197 -0.037489 -0.051920 -0.035515 -0.020316 -0.029507 -0.048148 -0.039972 -0.039073 -0.032372 -0.030802 -0.040133 -0.028346 -0.033150 -0.033964 -0.030267 -0.033483 -0.004980 -0.020105 -0.025471 -0.029565 -0.023961 -0.001278 -0.029482 -0.040758 -0.023940 0.006814 -0.009975 -0.002125 -0.003584 -0.017227 -0.015611 -0.009109 0.020533 0.035018 0.003852 -0.015169 -0.013475 0.010475 0.020153 -0.001081 -0.012523 -0.012698 -0.013690 -0.020363 -0.022480 0.000754 -0.002447 -0.030105 0.038476 0.083027 0.044251 -0.047270 -0.015924 0.013087 0.052372 0.068492 -0.061885 0.032710 -0.025418 0.015688 0.068233 -0.043472 0.037905 -0.040776 -0.009149 0.067360 0.002260 0.020695 -0.017727 0.011165 0.029420 0.012227 0.026853 0.027592 0.042004 0.039421 0.046950 0.056425 -0.017637 0.000126 0.017996 0.040902 0.008436 -0.077345 0.005171 0.001453 0.038554 0.017746 -0.012429 0.062181 0.018793 0.028123 0.029628 -0.011111 -0.002726 -0.017230 0.062398 -0.017016 -0.030601 -0.013303 -0.003357 0.036822 0.020060 -0.044022 -0.056325 -0.019602 0.036495 0.067908 0.061451 -0.053938 -0.022510 0.025730 -0.016090 0.056159 -0.000816 -0.013021 -0.031706 -0.076220 -0.020209 0.014671 -0.001102 -0.002519 -0.041950 -0.063557 -0.046290 -0.007111 -0.017831 0.017207 0.025855 -0.022496 -0.050338 -0.006531 0.067930 0.110604 0.032412 -0.048212 0.006230 0.050517 0.079466 0.026856 -0.024052 0.030610 0.005101 -0.018150 -0.036989 -0.015378 0.109877 -0.053134 -0.427496 -0.241113 0.105436 0.154322 0.175828 -0.303973 -0.002582 0.268704 0.094722 0.087942 0.200070 0.163089 0.115308 0.089262 0.029057 0.033798 -0.000407 0.019782 0.067924 0.050318 0.041542 0.056070 0.082981 -0.010920 -0.031031 -0.041644 -0.035003 -0.008672 -0.026112 -0.013174 -0.007187 -0.026751 -0.033502 -0.030190 -0.000559 0.021810 -0.005569 -0.031882 -0.039913 -0.015357 0.008876 -0.006822 -0.022973 -0.019201 -0.030438 -0.028357 -0.032211 -0.015606 0.007188 0.006828 0.007399 0.007590 0.006149 -0.001172 0.002082 0.000058 -0.000043 -0.001490 -0.004706 -0.011958 -0.011214 -0.011579 -0.012660 0.006500 0.006005 0.010656 0.012872 0.008955 0.006764 0.015191 0.020126 0.020152 0.016228 -0.021256 -0.035676 -0.035860 -0.028108 0.013427 -0.036154 0.006103 0.025563 -0.017420 -0.036641 -0.010711 0.053274 0.102558 0.032778 -0.026620 0.004177 0.036040 0.070704 0.031206 -0.000614 0.026581 -0.002310 -0.015427 -0.026701 0.008808 0.020621 0.017621 0.018681 0.022831 0.010522 0.012640 0.001570 0.002500 0.005148 -0.005217 -0.006206 -0.022373 -0.024833 -0.014800 -0.019757 0.005537 -0.006335 -0.008326 0.011740 0.005086 0.023730 0.024649 0.020826 0.031941 0.019043 0.000655 0.000843 -0.000358 0.001355 0.000324 -0.000525 -0.001727 -0.001464 0.000113 0.001740 -0.002577 0.000449 -0.000297 0.001178 -0.000355 -0.000337 0.000532 -0.003195 0.000564 -0.000911 -0.000106 -0.000243 -0.002209 0.000074 -0.000531 -0.000385 0.001586 -0.002481 0.001716 -0.000004 -0.002002 0.000740 -0.000200 0.000610 -0.001678 0.000328 0.000476 -0.000342 -0.000662 -0.000560 0.001182 0.001391 0.000464 -0.000939 0.000431 0.000226 0.000650 0.001720 0.001392 -0.001384 -0.020713 -0.017719 -0.018300 -0.014336 -0.014090 -0.016069 -0.016745 -0.020384 -0.014542 -0.020222 -0.025325 -0.025005 -0.026448 -0.023090 -0.021725 -0.030929 -0.029509 -0.027470 -0.022740 -0.020684 -0.024169 -0.023268 -0.020567 -0.017139 -0.015565 -0.008024 -0.009248 -0.006368 -0.002449 -0.003396 -0.008601 -0.008357 -0.006369 -0.002508 -0.004010 -0.009805 -0.008894 -0.006953 -0.003906 -0.006699 -0.008746 -0.008781 -0.008620 -0.005727 -0.007859 -0.005113 -0.006952 -0.006935 -0.003635 -0.003045 -0.000402 -0.000363 0.001523 0.000262 -0.001339 -0.000537 0.002161 -0.000724 0.000097 0.000653 -0.000768 -0.001093 0.000890 0.001434 -0.000097 -0.000393 0.001054 -0.000309 0.000133 -0.000976 -0.001103 -0.000406 -0.000544 0.001015 -0.001010 -0.008707 -0.016534 -0.017844 -0.016349 -0.011055 -0.010488 -0.008022 -0.004756 -0.013815 -0.017091 -0.014206 -0.003778 0.004778 -0.004148 -0.012827 -0.026105 -0.016242 -0.004058 -0.008063 -0.015226 -0.010661 -0.012685 -0.009440 -0.014521 -0.021368 -0.026571 -0.015071 -0.002945 0.000032 -0.002586 -0.022796 -0.016388 -0.005412 -0.006182 -0.013378 -0.019492 -0.014896 -0.009473 -0.014368 -0.018418 -0.015218 -0.015742 -0.014787 -0.013001 -0.014832 -0.010036 -0.017500 -0.017329 -0.011114 -0.006103 0.001364 0.000804 0.000644 -0.000231 -0.000321 -0.000827 -0.000347 -0.000578 -0.000006 0.000068 -0.000408 0.000791 -0.001258 -0.000669 -0.000430 -0.000661 -0.000098 -0.000592 -0.000350 -0.000088 0.000198 -0.000153 -0.002007 0.001860 -0.000321 0.043037 -0.001731 -0.014345 -0.002627 0.020245 0.041912 0.026079 0.048549 0.010303 0.007287 0.040947 0.047406 0.105168 0.040445 -0.011225 0.036265 0.018947 0.039660 0.011117 0.005658 0.049590 0.030357 0.030404 0.031540 0.047371 0.001871 0.000625 0.001648 0.001646 -0.001199 -0.000154 -0.000693 -0.000048 -0.000385 0.000299 -0.000914 -0.000574 0.000277 0.000700 -0.001256 -0.000709 -0.000129 -0.000346 0.000434 -0.000025 0.000362 0.001246 0.000401 -0.000736 0.000805 -0.039063 -0.017004 -0.004261 -0.005009 -0.013697 -0.042707 -0.029277 -0.020122 -0.018737 -0.028687 -0.039235 -0.037228 -0.032701 -0.027520 -0.030969 -0.026787 -0.029561 -0.024563 -0.022770 -0.025560 -0.015753 -0.022566 -0.018364 -0.014317 -0.014459 -0.000225 -0.000118 0.001979 -0.001695 0.002197 -0.000095 -0.000577 -0.000091 -0.001086 -0.001125 0.001071 0.000720 0.000875 -0.001210 0.000376 -0.001110 -0.000797 -0.000301 -0.001472 0.000412 -0.001592 0.000227 0.000214 0.000541 0.000916 0.001283 0.001481 0.000753 -0.001078 -0.001016 0.000239 -0.000604 0.000850 -0.000707 0.000308 0.001790 -0.000200 0.000716 0.000315 0.000488 0.000578 0.000343 -0.000550 0.001347 0.000016 0.001016 0.000821 -0.000169 0.001493 0.000405 -0.008273 -0.008932 -0.011921 -0.017926 -0.022728 -0.011737 -0.008846 -0.003587 -0.004890 -0.009095 -0.024386 -0.016730 -0.008207 -0.009856 -0.016652 -0.026579 -0.015798 -0.007434 -0.014465 -0.024126 -0.017354 -0.006715 0.002853 -0.007863 -0.023648 0.001327 -0.001127 -0.000136 -0.000026 0.000851 0.000401 0.000007 0.000172 -0.000213 0.000966 -0.000891 -0.001444 0.000254 0.000819 -0.000879 -0.000673 -0.000129 -0.000117 -0.001374 0.000453 -0.000869 0.000185 -0.000680 -0.000050 -0.000577 -0.003669 -0.016102 -0.024637 -0.022854 0.002216 -0.013380 0.010460 0.015995 -0.012588 -0.021662 -0.001608 0.037761 0.057042 0.014606 -0.012303 -0.010023 0.015011 0.031697 0.006285 -0.009267 0.002629 -0.005713 -0.016805 -0.023423 -0.002270 0.075635 0.161871 0.151488 0.059082 0.059753 0.012531 -0.044275 -0.025526 0.055520 0.069205 -0.079736 -0.023614 -0.056569 -0.032906 0.161820 -0.103230 0.037451 0.006897 -0.085990 0.172343 -0.088762 -0.059199 -0.065995 -0.043214 0.102435 -0.002039 0.002030 0.013888 0.105563 0.043226 0.014329 0.050254 0.031300 0.078865 0.053027 0.068019 0.107925 -0.143319 0.039655 0.064596 0.051040 -0.021723 -0.060903 0.127659 0.037304 0.047380 0.038808 0.082689 0.074115 0.051141 -0.010168 -0.015157 -0.014830 -0.012921 0.001625 -0.012176 0.000654 0.008256 -0.006787 -0.011454 -0.004156 0.020395 0.030885 0.005321 -0.011694 -0.009365 0.006255 0.015927 -0.000089 -0.008709 -0.006895 -0.004784 -0.001081 -0.009331 -0.006988 0.050650 -0.011913 -0.069503 -0.037612 0.067983 -0.023369 -0.033562 0.022964 -0.071601 -0.063089 -0.031154 0.098034 0.189592 0.056335 -0.044087 -0.030479 -0.004435 0.090364 -0.007212 -0.014462 0.028257 -0.030443 -0.077645 -0.063744 0.023969 0.031358 -0.006866 -0.063329 -0.016028 -0.016562 -0.092984 0.051017 -0.097968 -0.027319 0.003917 -0.096354 0.113379 -0.120414 -0.034674 0.008098 0.024331 0.043828 -0.114646 -0.045811 -0.012354 0.065194 0.014199 -0.046729 -0.002230 -0.006442 0.020448 0.049221 0.067286 0.009323 -0.000065 0.016101 0.042418 0.017548 -0.070466 -0.018134 0.096755 0.057764 -0.030617 0.045745 0.081358 