<?xml version="1.0" encoding="utf-8"?>
<opencv_storage>
   <weights_conv1 type_id="opencv-matrix">
      <rows>81</rows>
      <cols>64</cols>
      <dt>f</dt>
      <data>-0.024949 0.058222 0.017103 -0.028944 -0.006398 -0.003952 -0.006868 0.056117 -0.020258 0.047106 0.009951 -0.001044 -0.000432 0.028476 0.053393 0.001178 0.049138 -0.049075 0.002082 -0.040350 0.026459 -0.003053 0.001882 -0.009251 -0.038414 0.000383 -0.004030 -0.017672 -0.000843 -0.028124 0.024714 -0.012008 0.041189 -0.040633 -0.022524 -0.000786 0.073686 -0.017212 -0.000587 0.006882 -0.007430 -0.110163 -0.054064 -0.000423 0.001577 0.096407 -0.000836 -0.000323 0.024436 -0.017493 0.016637 0.047478 -0.002393 0.052992 -0.123418 0.016396 0.006540 0.009614 -0.029663 0.010681 0.016801 -0.095763 -0.056886 0.024528 0.054911 0.087313 -0.125073 -0.024566 -0.034138 0.014736 0.048033 0.032135 0.014758 0.037137 0.023005 0.000701 -0.000590 0.011867 0.044389 0.001234 -0.035261 0.095383 -0.000682 -0.017885 0.033126 0.058724 0.000326 -0.007163 0.033318 -0.001216 0.029557 -0.079524 -0.032456 -0.067639 -0.014198 -0.043926 0.011001 0.017579 -0.039797 -0.070034 0.026305 -0.018117 -0.001233 -0.021269 0.003616 -0.037091 -0.015117 -0.001007 -0.000740 -0.099227 0.075255 0.000756 0.024195 -0.043733 0.014718 0.005269 -0.001204 -0.033491 -0.026195 -0.006247 -0.036633 0.032959 -0.022279 0.036416 -0.105714 0.054166 -0.010470 -0.020134 0.108023 -0.083698 0.000043 0.012966 0.090096 -0.024384 -0.051703 -0.036909 0.024734 0.012564 0.032390 0.000611 0.000135 0.004464 0.033355 -0.000008 0.029616 0.007167 0.000421 -0.014162 0.016831 -0.047877 -0.001020 -0.002091 0.034531 -0.000903 0.002756 -0.043656 0.094653 0.017130 -0.132585 0.109107 -0.034693 -0.037747 0.057097 0.070695 -0.099808 0.011059 0.001638 -0.008603 -0.023067 0.146712 0.023043 -0.001193 0.001499 -0.056548 -0.017586 0.001054 0.098450 -0.055138 0.013788 0.022103 -0.000190 -0.026410 0.062897 -0.028492 -0.041888 0.027600 -0.031495 -0.039223 -0.080135 -0.013558 0.001221 -0.018902 0.053193 -0.129286 0.114108 0.009172 -0.059063 0.020151 -0.025381 -0.031498 0.066994 0.102357 0.042737 -0.000953 0.001286 -0.018013 0.032359 -0.000595 0.042104 0.079869 0.000084 0.076682 -0.042784 -0.017475 0.001034 0.002662 -0.180872 0.000038 -0.007060 0.030829 -0.003846 0.017033 0.082651 -0.068082 -0.049187 -0.050495 -0.052642 0.103574 -0.107606 0.058936 0.000307 -0.022834 0.028238 0.107307 0.049718 0.001732 -0.001160 0.000767 -0.095784 -0.000233 0.058785 0.144434 0.013565 0.012994 -0.003091 0.062025 0.026316 0.029453 0.018285 0.033248 -0.008744 -0.028861 -0.008012 0.015202 -0.002121 -0.006237 0.033734 0.013554 0.041330 0.015732 0.109955 0.115991 -0.069471 0.046516 0.078688 0.220260 0.035477 -0.000279 0.000315 -0.027045 0.043855 -0.002469 0.024000 0.040322 0.001222 0.049288 -0.059320 0.042303 0.000716 0.007600 -0.185252 -0.001884 0.058109 -0.013432 0.046622 0.002689 0.268066 -0.032461 0.005802 0.046478 -0.078057 0.012292 -0.081620 0.056675 -0.000418 -0.046509 0.093676 -0.015826 0.080262 -0.001261 -0.001624 0.121444 0.078146 -0.000324 -0.065766 0.177317 0.010292 -0.014904 0.000094 0.157570 0.112253 0.073955 0.086314 0.037892 -0.026750 0.085601 0.019924 0.095592 0.029634 0.010024 0.108948 0.012395 0.060250 -0.004182 0.100430 -0.009515 -0.031438 0.024976 0.026704 0.131607 -0.011654 -0.000947 0.000769 0.001273 0.032604 0.001562 -0.022750 -0.073960 0.000623 0.005608 -0.006451 0.053497 0.000497 0.003459 0.071817 -0.000150 0.039668 0.008938 -0.084076 0.000318 0.000854 -0.055253 -0.030093 0.043945 0.068889 0.010402 -0.076219 0.038078 -0.001841 -0.061466 0.034253 -0.006233 -0.036999 -0.000261 -0.000039 0.134908 0.071622 -0.000960 -0.080627 0.022949 0.008423 -0.040515 0.000503 0.046077 -0.014443 0.028258 0.045765 -0.011427 0.034499 0.000338 -0.073739 0.020598 -0.022230 0.004454 0.057822 -0.000781 -0.043333 -0.026142 -0.041487 -0.096659 -0.013022 -0.044370 0.005847 0.031518 -0.005442 -0.001394 -0.001724 -0.006462 -0.001235 -0.000336 -0.037779 -0.020916 -0.000252 -0.024973 0.002313 0.067372 0.000035 0.004022 0.031238 -0.001884 -0.024693 0.020872 -0.026618 -0.033192 -0.083326 0.091577 -0.019202 0.025399 0.047378 0.114563 0.036323 0.030664 0.000403 -0.058021 -0.010090 -0.087963 -0.096428 -0.000504 0.000140 0.014988 -0.101304 0.000451 -0.020927 -0.107996 0.006944 -0.024551 0.000077 -0.054716 -0.046743 -0.004618 -0.035747 -0.035665 0.013039 -0.047987 -0.106030 0.016078 -0.023787 0.005534 -0.082087 0.022774 0.018753 -0.044477 -0.003839 0.043070 0.002795 0.006457 0.009281 0.019239 0.034323 -0.000462 -0.000027 0.008218 0.027819 -0.000857 0.046136 -0.022528 -0.001309 -0.021631 -0.015539 0.001443 -0.000507 0.003444 -0.090951 0.001784 -0.045591 -0.021079 -0.089024 0.009942 0.001991 0.007871 0.013808 0.014729 -0.054788 0.014791 0.036331 -0.018250 0.000592 0.013742 -0.031166 0.095295 0.043451 0.000502 -0.000187 -0.087633 0.015270 -0.001369 0.016069 -0.077129 0.006770 0.034774 -0.000641 0.040152 0.048165 -0.033802 -0.028123 0.006065 0.006361 0.048280 -0.013930 0.021435 0.066590 -0.016427 -0.016059 -0.035440 -0.003133 -0.051715 -0.145090 0.050087 -0.005083 0.041499 0.002153 0.031153 0.015894 -0.000997 -0.000349 0.065098 0.075020 -0.000257 0.003730 -0.000330 0.001121 -0.032473 -0.013347 -0.004717 -0.000593 -0.001828 0.004833 0.000178 -0.002849 -0.097609 -0.003044 0.024482 -0.008718 -0.034551 0.009070 -0.003821 -0.071754 -0.090350 -0.027998 -0.078600 0.001584 -0.025159 -0.037267 -0.045237 0.032317 -0.001150 0.000036 -0.003207 0.045503 -0.001608 -0.006351 0.030836 -0.002273 0.026477 0.001695 0.004679 0.004320 -0.059372 -0.002566 0.002913 -0.050101 0.023655 0.014306 -0.049585 0.065983 0.017683 -0.090854 0.093311 -0.085108 -0.008163 0.004512 0.034035 -0.024021 0.039289 0.004672 -0.048653 0.055178 -0.000028 -0.000590 0.018777 0.036093 0.000891 -0.019616 -0.017889 0.000455 -0.024273 0.054001 -0.020456 -0.001061 -0.010658 -0.027263 0.000231 0.006762 -0.014530 0.063447 0.019910 0.020314 0.027896 0.009301 0.018104 0.082392 0.004786 -0.121370 -0.032903 0.001300 0.058904 -0.032917 0.176285 -0.016147 -0.000343 0.000585 -0.101265 -0.039823 -0.000777 -0.041460 0.020535 0.014938 0.043976 -0.000422 -0.074356 0.127664 0.003664 -0.012947 0.050365 -0.052243 -0.040683 -0.028189 0.124257 0.012891 -0.016973 -0.086948 0.021555 0.138212 -0.016911 -0.063651 0.011732 0.010651 -0.093321 0.020982 -0.034563 0.007889 0.000123 -0.000713 -0.055500 0.023539 -0.000442 -0.067483 0.094756 -0.001903 -0.011104 -0.024822 0.060066 -0.000857 -0.008672 0.028310 0.000076 -0.018847 -0.006573 -0.238037 -0.013273 0.013673 -0.010682 -0.074423 0.010397 -0.024800 0.053372 -0.067969 0.006345 -0.001993 -0.052389 -0.016183 -0.055333 -0.064854 0.001462 0.001245 0.022807 -0.002237 0.000672 -0.059271 0.040101 0.013824 -0.063715 -0.000936 -0.120116 -0.004216 0.000445 -0.095300 -0.030781 -0.001086 -0.030112 0.206579 0.250340 0.044444 -0.018777 -0.014721 -0.046895 0.189986 0.008451 0.124110 0.009374 -0.049921 -0.070127 -0.032048 0.004077 -0.032209 -0.000998 0.000089 -0.040361 0.016813 -0.000039 -0.000712 -0.157962 -0.001645 -0.029521 -0.075850 -0.000099 -0.002244 -0.002558 0.039234 0.001395 -0.014239 0.042822 -0.165618 0.046438 0.146466 0.024568 -0.028047 -0.023083 0.210385 0.157037 0.029028 0.048523 -0.001082 -0.064394 -0.024106 -0.194300 -0.016888 -0.000827 -0.001263 0.222773 -0.013702 -0.001136 0.041604 -0.079107 0.011674 -0.023810 -0.001631 0.015262 0.014709 -0.014363 -0.041582 -0.027672 0.005184 -0.014151 0.228426 0.096053 0.063551 0.080675 0.020078 -0.038998 -0.103557 -0.060212 -0.125261 -0.012977 0.147812 -0.031432 -0.022319 0.054860 -0.041154 -0.001378 0.000256 -0.038449 0.005286 0.000821 -0.021892 -0.136583 0.000235 0.017184 -0.103978 -0.072851 0.000592 0.003897 -0.152202 0.000048 0.005762 -0.034496 -0.108271 0.033066 0.046344 -0.118827 0.062590 -0.009538 -0.029871 -0.210851 0.154185 0.076065 0.000797 -0.057791 -0.005500 -0.158245 0.013616 0.000903 0.001582 0.099886 -0.029278 0.000004 0.034756 -0.187105 0.009070 -0.016847 -0.000825 0.035362 -0.166602 0.017273 