<?xml version="1.0" encoding="utf-8"?>
<opencv_storage>
   <weights_conv2_18 type_id="opencv-matrix">
      <rows>64</rows>
      <cols>25</cols>
      <dt>f</dt>
      <data>-0.006460 -0.053565 -0.020484 0.010958 -0.068845 0.009164 0.006262 0.012235 0.022589 -0.030981 0.021537 0.015816 -0.008158 -0.012524 -0.015202 0.023858 0.015223 -0.006739 -0.011822 -0.020371 0.012974 0.001712 -0.015177 0.007467 0.014273 -0.012135 0.024974 -0.003861 0.025217 0.069694 -0.007194 0.023803 0.006428 0.011292 0.030952 -0.021396 0.019046 0.048466 0.024371 0.016875 0.012978 0.008362 0.019676 0.003609 -0.003451 0.005203 -0.024161 -0.025162 -0.029908 -0.022585 -0.069145 0.024788 -0.030019 0.008523 -0.001130 -0.074363 -0.006675 0.041822 0.059828 0.047940 -0.076600 0.050496 -0.069263 0.115180 0.109833 -0.060051 -0.002453 0.046636 0.070853 0.124626 -0.055128 -0.029167 -0.054523 -0.014313 -0.012895 0.012417 0.022943 0.018161 0.051699 0.036751 0.044396 0.017245 -0.051675 -0.008682 0.008348 0.045629 -0.024189 -0.084012 0.011178 0.013435 0.048424 0.001169 -0.015743 0.064913 0.041603 0.027928 0.017259 -0.007092 0.021980 0.008570 -0.066459 -0.030405 -0.028742 -0.002011 -0.037627 -0.046389 0.010052 0.001916 0.006318 -0.023415 0.030367 0.165988 0.076731 0.056850 0.053575 -0.200741 0.061144 -0.037025 0.011931 0.057876 -0.011820 0.023623 0.031435 0.055921 0.058021 0.006678 -0.084008 -0.126991 -0.065078 -0.101540 0.020729 -0.008298 0.024894 0.010232 -0.063764 -0.070378 0.042531 0.087035 -0.004573 -0.136833 -0.035320 0.019514 0.047524 -0.015319 -0.082676 0.001161 -0.055511 -0.082317 -0.018803 -0.040857 0.048952 0.127083 -0.141455 0.013391 0.039703 0.142973 0.104620 -0.293778 0.078001 0.134450 -0.006364 -0.061339 0.118025 0.066244 -0.045736 0.005515 -0.083369 0.003816 -0.063587 -0.015184 0.036346 -0.027869 0.001526 0.020321 0.066479 0.002001 -0.006459 -0.004450 0.020852 0.028409 0.001728 0.028411 0.032023 0.027798 0.027323 -0.011744 0.032114 0.050221 0.011274 -0.001129 0.006131 0.024787 0.042872 0.019537 -0.013659 -0.011373 -0.044356 -0.025432 0.003643 0.006776 0.082876 -0.060755 -0.015326 0.014137 -0.027114 0.046016 -0.062991 -0.056169 -0.040472 -0.065925 0.018733 -0.037695 -0.058610 -0.093453 -0.049654 0.031537 0.063819 0.114713 0.095624 0.107592 0.054995 0.062202 0.090175 0.040769 0.052322 0.011220 -0.026233 -0.049315 0.008938 0.022429 -0.011600 0.026310 0.030012 0.008681 -0.029983 -0.031027 0.046480 0.075741 0.000292 -0.046072 0.002629 0.047471 0.061139 0.037161 -0.010636 0.024802 -0.027130 -0.035940 0.007075 0.016176 0.036793 0.035918 0.037262 0.038001 0.028737 0.029324 0.031528 0.031810 0.038404 0.024340 -0.015934 -0.037436 -0.038312 -0.011066 -0.009803 0.017866 -0.010889 0.000574 0.027430 0.021432 0.041983 0.022104 0.030344 0.040282 0.030724 -0.000108 0.001057 0.000155 0.000439 0.000293 0.001526 -0.000628 -0.000405 0.001379 -0.000145 -0.001178 0.000103 0.000551 -0.000021 -0.001604 -0.000962 -0.000978 0.001881 0.000441 0.000664 0.000634 0.001750 -0.000639 0.000016 0.000583 -0.000335 0.000761 -0.000988 -0.000650 0.000222 0.000517 0.000016 0.000989 -0.001459 -0.000582 -0.000298 0.000978 -0.000834 -0.000676 0.000709 -0.000723 0.000224 -0.000266 0.000299 0.000598 -0.000160 0.001662 -0.000176 -0.000344 -0.000136 -0.014958 -0.007613 0.013949 -0.000829 -0.011388 -0.000043 -0.002240 0.004305 0.007024 0.013076 -0.007689 -0.009614 -0.007067 0.000855 0.008233 -0.030097 -0.020710 -0.003238 -0.007447 -0.013399 -0.031927 -0.035590 -0.003358 0.003903 -0.003439 -0.002470 -0.001403 0.015906 0.017228 0.001461 -0.014089 -0.007587 0.005312 -0.002895 -0.015986 -0.028238 -0.017002 -0.003679 -0.000788 -0.000794 -0.027909 -0.019284 -0.003878 0.010075 0.007473 -0.003894 -0.006722 0.006387 0.018843 0.006350 -0.000326 -0.000334 0.001173 -0.001099 0.000731 0.000226 0.002061 -0.001103 0.000776 0.000937 0.000045 -0.001015 0.001779 -0.000986 0.000616 0.000846 -0.001582 -0.001011 0.000892 -0.001367 -0.000755 -0.001619 -0.001677 0.002461 -0.000206 0.037764 0.004160 0.009532 -0.004766 -0.010829 0.034437 0.000262 0.017140 -0.001124 -0.021132 0.019690 0.012105 0.028583 -0.014456 -0.039990 -0.002317 0.016862 0.025271 -0.011015 -0.039839 0.019519 0.002306 -0.013845 -0.010933 -0.036097 -0.085695 0.016782 0.093256 0.041770 -0.027202 -0.071056 0.012841 0.098817 -0.071988 -0.128617 -0.025022 -0.020428 0.083453 -0.080362 -0.138085 -0.031143 -0.053694 0.080584 -0.000719 -0.002947 0.009656 -0.018261 0.021502 0.012591 -0.044643 -0.000467 0.000832 0.000078 -0.000309 -0.000532 0.000686 0.000007 -0.001493 0.000239 0.000401 0.000130 0.000046 0.000460 0.000428 -0.001312 -0.000035 0.001049 -0.000972 0.000648 -0.000105 0.000492 -0.000643 0.000811 -0.000540 0.001829 0.007058 -0.004204 -0.011486 -0.004825 -0.007283 0.026387 -0.007466 0.006132 -0.020902 0.000560 0.022176 -0.006472 0.045112 -0.016977 -0.021003 0.018029 -0.028337 -0.020926 -0.025203 -0.008654 0.006520 0.021177 0.033172 0.032190 0.010098 0.033390 0.025082 -0.017431 0.015727 -0.024478 0.029482 0.026923 -0.032591 -0.016754 0.000081 0.013690 0.023169 -0.027069 0.005615 0.046072 0.006902 0.007027 -0.024075 0.020016 0.057410 -0.015843 -0.009323 -0.002116 0.043021 0.099843 -0.014753 0.140123 0.061641 -0.015711 0.103460 -0.037549 -0.038998 -0.058748 -0.140806 0.005129 -0.001127 -0.050479 -0.046245 -0.058642 0.026779 0.016121 0.005438 0.034702 0.004614 -0.040318 -0.030672 -0.019264 -0.036215 -0.010446 -0.021710 -0.000135 0.000353 0.000552 0.000388 0.001394 -0.000666 -0.000255 0.001646 -0.001260 0.000302 0.000690 -0.000253 0.001923 -0.001242 -0.000103 -0.000869 -0.000392 -0.001011 -0.001194 -0.000667 -0.000022 -0.000841 0.001449 0.000151 0.000243 0.013062 0.008797 0.003980 0.003491 0.004975 0.014943 0.009448 0.004488 0.004469 0.000958 0.014592 0.010792 0.005988 0.004403 0.002568 0.016880 0.007369 0.000943 0.002207 0.001142 0.012470 0.006847 -0.000024 0.002422 0.001284 -0.039630 0.003063 -0.012274 -0.011207 -0.029360 -0.084728 -0.038110 -0.025597 -0.029208 -0.040509 -0.011469 0.017055 0.009834 -0.017528 -0.044155 -0.048465 -0.020448 0.001640 -0.034480 -0.075675 -0.074157 -0.046468 0.023917 -0.038575 -0.062376 -0.001709 -0.001313 0.000199 0.001291 0.000754 -0.000928 -0.000637 -0.002621 0.001438 -0.002251 -0.000109 0.001217 -0.001578 -0.000024 0.000673 0.000805 0.000108 0.000780 0.000248 0.000410 -0.000223 0.001398 -0.000183 0.000649 0.000485 0.012901 -0.023770 -0.051258 0.005301 -0.005737 0.009328 0.027423 0.013486 0.022441 -0.018803 0.003823 0.041252 0.043278 0.008382 -0.032176 0.021464 0.032207 0.013744 0.002666 -0.035296 0.005653 -0.023079 -0.044194 -0.010065 0.002583 0.011327 0.079041 0.057055 -0.022524 0.021032 -0.004671 -0.035150 -0.030486 -0.019425 -0.034133 -0.030079 -0.021353 -0.033473 -0.046558 0.040352 -0.053611 0.001184 -0.012283 -0.061519 0.082978 -0.000279 -0.026436 -0.006945 -0.008130 -0.002342 -0.022634 0.005378 0.077842 0.026992 0.105409 -0.025273 -0.109051 -0.022130 -0.026054 0.070546 0.097655 -0.033238 -0.170945 0.004685 0.182452 0.005299 -0.008454 -0.110618 0.050382 0.043771 0.028577 0.029111 0.059045 -0.057877 0.039244 0.012992 0.012357 0.021975 0.018005 -0.021654 -0.005628 0.032664 0.040423 0.001261 -0.037238 0.001263 0.048794 0.042192 -0.015219 -0.043339 -0.026270 0.030538 0.048623 0.013397 -0.020973 -0.030758 -0.000983 0.022741 0.006800 -0.016015 -0.076507 -0.007209 -0.064259 0.009369 -0.047302 0.082269 -0.031829 -0.107846 -0.040432 0.073602 -0.011644 -0.103879 0.032910 -0.043493 0.011988 0.040963 -0.091560 -0.186440 -0.064991 0.042549 0.020060 0.105673 0.043659 0.115529 0.079834 0.012993 0.071984 -0.067301 0.019289 -0.083173 0.001439 0.089969 -0.100881 0.005143 0.003593 -0.025579 0.184485 -0.136160 0.008276 0.018197 0.038377 0.064243 -0.136920 -0.010221 -0.024958 -0.099648 0.038324 -0.094788 0.003587 -0.043130 0.019058 -0.067943 -0.127349 -0.027871 0.002841 0.026058 0.071061 0.145796 0.020732 0.017522 -0.002135 0.168137 0.122144 0.132915 -0.073041 -0.006601 0.104696 0.098828 0.122960 -0.062972 -0.100079 -0.089703 -0.135742 -0.096720 -0.074070 -0.032156 