<?xml version="1.0" encoding="utf-8"?>
<opencv_storage>
   <weights_conv2_31 type_id="opencv-matrix">
      <rows>64</rows>
      <cols>25</cols>
      <dt>f</dt>
      <data>0.009114 0.029381 0.025587 0.019553 0.022091 0.036625 0.080559 0.044432 0.029765 0.032573 0.021105 0.061637 0.039452 0.026284 0.013584 0.043851 0.051807 0.048638 0.053761 0.014248 0.040536 0.015295 -0.001948 0.026333 -0.002482 0.012227 -0.005272 0.043227 0.032090 0.001504 0.013916 -0.033529 -0.010200 -0.035544 -0.026873 0.007633 -0.069670 -0.031602 -0.045712 -0.021257 0.026326 -0.051595 -0.024812 -0.041780 -0.011115 0.030523 -0.031304 0.002913 -0.004735 0.021111 0.016628 -0.006479 0.017548 0.052701 -0.063271 0.012329 -0.010481 0.020162 -0.000704 -0.072564 -0.058612 0.030204 -0.048141 0.053183 -0.070053 -0.023406 -0.003845 -0.022371 0.035852 -0.094440 0.042964 -0.053721 0.009523 0.036372 -0.041876 -0.032136 -0.030346 -0.030320 -0.016577 -0.002344 -0.031879 -0.047890 -0.040564 -0.014871 0.002720 -0.048608 -0.046877 -0.028418 -0.006020 0.001644 -0.039580 -0.023149 -0.007851 0.009682 0.019736 -0.030629 -0.015785 -0.025231 -0.009952 0.020994 0.045707 -0.032698 0.013436 0.041943 -0.009280 0.015198 -0.003136 0.023149 0.024537 -0.067083 0.032713 -0.071762 0.000920 0.030942 -0.053612 0.058563 0.017656 -0.011839 0.019847 -0.074904 -0.101511 -0.087904 -0.020026 0.016443 -0.031122 0.019836 -0.038396 -0.053463 -0.059583 -0.000040 0.059598 0.021173 0.083680 0.062381 0.003995 -0.040649 -0.042955 -0.022750 -0.022959 -0.104417 -0.024302 -0.004329 -0.001328 -0.015120 -0.014984 0.018313 -0.027468 -0.041427 0.003323 0.037419 0.002911 -0.112435 -0.328598 -0.352140 0.008388 0.189632 0.174261 -0.134657 0.059207 0.371364 0.007304 -0.068744 0.101428 -0.043297 -0.008341 -0.041921 -0.075418 -0.122582 -0.092954 -0.037253 0.001352 -0.021662 -0.083401 0.009167 0.059945 0.030333 0.011746 0.016341 0.034763 0.024705 0.035994 0.013555 -0.001225 0.004650 0.007133 0.013408 -0.013910 -0.025602 -0.010106 -0.001710 0.024392 0.014256 0.004310 0.017899 0.010115 0.042952 0.017973 0.006547 0.021751 0.019616 0.019181 -0.000063 0.029477 0.061953 0.014222 0.010909 -0.001345 -0.005593 0.032951 -0.021399 -0.026617 0.004916 -0.032004 -0.034273 -0.011791 -0.026769 0.022978 0.019831 0.008794 0.002539 -0.011880 0.009244 0.011011 0.003147 -0.011491 -0.010889 -0.029545 0.001641 0.026555 0.054420 0.038653 0.004075 0.010290 -0.011849 -0.008546 -0.005486 -0.052047 -0.034131 -0.039704 -0.017488 0.018294 -0.015822 0.003761 0.001379 0.020060 0.020080 -0.053179 -0.035210 -0.029999 -0.013412 0.016519 0.018138 0.024763 0.027752 0.023415 0.014853 0.019443 0.019466 0.019912 0.016868 -0.019659 -0.036110 -0.042096 -0.024345 -0.008556 -0.008438 -0.010975 -0.007071 0.003081 -0.003152 0.004267 -0.008191 -0.003501 0.000864 -0.002905 -0.003265 -0.000028 0.000485 0.000580 0.001243 0.000226 0.000436 -0.002511 0.000356 0.000742 0.001379 -0.000460 0.000883 -0.000096 0.000448 -0.001393 0.000582 -0.001093 0.000340 -0.001409 0.001120 -0.001554 -0.000728 0.000227 0.001408 0.002101 -0.000750 0.000354 0.000590 -0.000737 0.000876 0.000585 0.000282 0.000806 -0.000285 -0.000001 0.000393 0.000510 -0.001030 0.000265 0.000953 0.001138 0.000359 -0.001300 0.000095 0.000577 -0.000537 -0.000606 0.000582 -0.000882 -0.005727 0.011333 -0.002587 0.015475 0.003106 0.010528 0.028231 0.013657 0.033686 0.015183 0.010037 0.031544 0.009472 0.029627 0.005488 0.019758 0.049809 0.030550 0.046853 0.017910 0.023023 0.044292 0.028546 0.051470 0.035825 -0.003335 0.003287 -0.005428 0.009009 -0.005060 -0.011379 0.000512 -0.005802 0.008086 -0.011733 -0.003864 0.012619 0.004521 0.018735 0.000868 0.004279 0.017987 0.007708 0.028654 0.005837 0.005632 0.010844 0.003526 0.020708 0.004455 -0.001283 -0.000284 0.000481 -0.001133 -0.000047 -0.000940 0.000069 0.000078 0.001032 -0.001624 -0.000814 0.001276 -0.001295 -0.001353 -0.000468 0.000628 0.000604 -0.000111 0.000895 0.000513 -0.000490 0.000308 -0.001636 -0.000608 0.002018 0.026622 0.011924 -0.028973 0.007127 -0.018527 0.036182 0.012995 -0.014170 0.015481 -0.028879 0.011969 0.021636 -0.006209 0.011966 -0.028868 -0.004125 0.032654 0.007015 0.027080 -0.010117 0.012191 0.030957 0.001678 0.027718 -0.001823 0.012922 -0.020504 -0.026679 0.078829 -0.009432 -0.111746 0.056937 -0.009659 0.048752 -0.052071 -0.154169 0.028117 0.000899 0.058277 -0.168248 -0.021761 0.041223 0.001166 0.055201 -0.085816 0.073858 0.082363 -0.010973 0.128972 -0.005517 -0.000964 -0.000505 0.000436 0.001258 -0.001012 -0.000248 0.000544 0.002508 -0.000615 0.001317 0.000052 0.000563 -0.001395 -0.001947 -0.002088 -0.000099 -0.002031 0.002005 0.000315 -0.000259 -0.000235 0.002460 -0.000516 -0.000003 0.002324 -0.007361 -0.020931 -0.020220 -0.019371 -0.009019 -0.001714 -0.038217 -0.024339 -0.038968 -0.003461 -0.004537 -0.045685 0.001510 -0.039982 -0.023162 -0.003722 -0.047513 -0.044742 -0.045187 -0.015969 -0.011631 -0.012330 -0.007470 -0.016153 -0.013282 0.036645 0.006930 0.034283 0.001139 0.011503 0.018223 -0.022827 -0.013227 -0.031751 -0.028157 0.019696 -0.010727 0.001286 0.002316 -0.004433 0.042763 0.003588 0.005994 0.015331 -0.010593 0.019416 -0.040839 -0.004571 -0.002214 -0.045066 -0.048152 -0.037667 -0.030669 0.032795 -0.071187 0.040212 0.042773 0.103936 0.063987 0.020179 -0.003502 -0.030281 -0.016108 -0.066205 0.004958 0.060656 0.014983 0.012638 0.023140 0.045901 -0.000797 0.041677 0.047999 0.034366 0.001983 -0.001556 -0.000257 0.001528 -0.001347 0.000412 0.000240 0.001086 0.000320 -0.000606 -0.000285 0.000543 0.000043 -0.000159 -0.000103 -0.000121 -0.000051 -0.000768 0.000236 0.001654 0.000298 0.000252 0.000804 0.001460 0.001026 -0.002264 -0.005350 -0.002737 -0.000686 0.003265 0.000503 -0.005179 -0.000078 -0.001617 0.003729 0.004858 -0.003443 -0.000946 -0.002035 0.002924 0.002574 -0.003473 -0.000776 -0.001040 0.001424 0.000535 -0.004849 -0.003484 -0.003030 -0.000509 0.001456 -0.043059 -0.015629 -0.025383 -0.048097 -0.017253 0.038064 0.044941 0.026018 0.015203 0.044310 0.026032 0.028581 0.010279 -0.001167 -0.003743 -0.015436 -0.008378 -0.020063 -0.010546 -0.022205 -0.003981 0.014346 0.015942 0.016216 0.005008 -0.000800 0.000970 0.001636 0.000766 0.000269 0.000765 -0.001428 -0.001617 0.000808 0.000892 -0.000469 -0.001927 0.000518 0.000536 -0.001326 -0.000531 0.000426 0.000097 -0.000034 0.002374 -0.000094 0.000922 -0.001067 0.001215 0.001492 0.005857 -0.004602 -0.007258 -0.000653 0.018730 0.023397 0.009487 -0.003859 -0.011050 0.006324 -0.007341 -0.031954 -0.029490 -0.024354 -0.004348 0.015055 0.004397 0.000843 0.007784 0.010766 0.031832 0.009599 0.005352 0.009630 0.017376 -0.047985 0.017560 0.006063 -0.056984 -0.110026 -0.007718 -0.010062 -0.014640 0.015957 -0.056818 -0.091158 0.014215 -0.020238 -0.021496 0.010374 -0.132386 0.049747 0.006368 -0.045671 0.038781 -0.080195 -0.064696 -0.068283 -0.019287 -0.026092 0.021318 -0.025240 0.046364 0.141873 0.070566 0.015397 -0.023202 0.009041 0.015205 0.017907 0.021142 0.012928 -0.115848 0.000449 0.061476 0.061277 -0.006286 -0.041961 0.058089 0.008241 0.027686 -0.009447 0.037493 0.010270 -0.036489 -0.009479 0.011667 -0.000904 0.007490 0.020067 -0.015059 -0.003743 -0.017454 -0.017974 -0.006373 0.003143 0.013275 -0.012541 -0.001334 0.020155 -0.019909 0.004169 -0.003947 0.016790 0.019697 0.017715 0.021819 0.019542 0.016945 0.012202 0.025221 -0.034341 0.003514 -0.017890 0.082482 -0.010892 -0.006511 -0.021825 0.002221 -0.017624 -0.037445 -0.074419 0.073122 -0.029950 0.014819 -0.083428 -0.040813 -0.157277 -0.100486 -0.065851 0.100943 -0.011300 -0.035872 -0.024422 0.064629 0.149266 -0.059113 0.014130 0.038065 -0.026276 0.069930 -0.010319 0.006727 -0.005200 0.015816 0.012560 0.045977 0.011281 0.007179 -0.016936 0.198695 -0.077519 0.007745 0.027175 -0.036321 0.060154 -0.137451 -0.015416 0.061601 0.001635 -0.170689 -0.113032 -0.024620 -0.114255 -0.113430 0.000739 -0.010559 0.040611 -0.014415 0.054282 0.092698 0.078862 0.006731 0.062008 0.046031 -0.083037 -0.024394 0.040892 0.013663 -0.046873 -0.011632 0.040645 0.030243 -0.010816 0.032588 0.016564 