<?xml version="1.0" encoding="utf-8"?>
<opencv_storage>
   <weights_conv2_12 type_id="opencv-matrix">
      <rows>64</rows>
      <cols>25</cols>
      <dt>f</dt>
      <data>-0.006989 -0.005189 -0.004975 -0.005501 -0.003179 -0.003318 -0.002938 -0.004183 -0.004485 -0.003172 -0.003078 -0.005538 -0.003816 -0.004572 -0.003616 -0.003280 -0.002647 -0.004728 -0.003986 -0.003815 -0.003688 -0.003562 -0.003834 -0.001164 -0.003483 -0.002625 -0.003346 -0.004434 -0.005795 -0.004517 -0.006894 -0.005035 -0.003750 -0.003220 -0.004888 -0.005255 -0.005849 -0.004501 -0.005710 -0.004889 -0.006403 -0.004910 -0.005073 -0.006123 -0.004808 -0.006530 -0.006506 -0.006991 -0.005475 -0.005399 0.000980 -0.002179 0.000529 -0.003592 -0.002340 -0.000825 -0.002348 -0.000585 0.001692 -0.000539 -0.000235 0.000686 -0.000137 -0.001848 0.001618 -0.003534 -0.001064 0.001658 -0.002412 0.000289 0.001164 -0.001943 0.002434 0.003233 -0.002158 0.002660 -0.000757 0.001185 0.000044 0.001216 0.000160 -0.000315 0.000212 -0.000400 -0.000484 0.001365 0.001650 0.000353 -0.000803 0.001158 -0.000274 -0.000600 -0.000275 0.001161 -0.000232 0.000986 0.000309 -0.001315 -0.001000 -0.000829 -0.001961 0.000114 -0.002647 -0.003445 0.002492 -0.003423 -0.002286 0.001552 0.003450 -0.000913 -0.001821 0.002383 -0.001265 0.000010 -0.003446 -0.000429 -0.000517 -0.002036 -0.002240 0.001424 -0.005871 0.000234 -0.001030 0.001456 0.000376 -0.005487 -0.007310 -0.004231 -0.007134 -0.007164 -0.007345 -0.006070 -0.006152 -0.006895 -0.006868 -0.005957 -0.005888 -0.009661 -0.007920 -0.004844 -0.006201 -0.004672 -0.007626 -0.007637 -0.006118 -0.008466 -0.008025 -0.007007 -0.005826 -0.008803 -0.003242 0.002473 -0.003112 0.005576 -0.004233 -0.000842 -0.001445 -0.002929 0.002442 -0.002628 0.000359 -0.004467 0.000770 -0.002420 -0.000986 0.001019 0.003889 -0.001339 0.000584 0.002508 0.000731 0.002336 0.000124 0.002629 0.002583 -0.005754 -0.005523 -0.003818 -0.003466 -0.007184 -0.005867 -0.006599 -0.005847 -0.005495 -0.005677 -0.004501 -0.007909 -0.007108 -0.006861 -0.005636 -0.007836 -0.005876 -0.007110 -0.006233 -0.006821 -0.007511 -0.006476 -0.005284 -0.003756 -0.004708 0.000799 0.001474 -0.002183 0.000626 0.000362 0.001259 -0.002420 -0.000544 0.002143 0.000592 0.000030 0.000804 0.000108 -0.001426 -0.002389 -0.000103 0.001789 0.000962 -0.000014 0.000809 -0.001300 -0.000203 0.000609 0.000580 -0.000232 -0.007065 -0.006026 -0.004105 -0.006858 -0.006815 -0.006872 -0.008169 -0.006687 -0.008141 -0.005647 -0.006227 -0.007159 -0.008645 -0.007473 -0.007154 -0.006751 -0.009717 -0.007561 -0.006478 -0.006986 -0.004888 -0.007256 -0.005888 -0.006699 -0.008070 -0.001052 0.000411 -0.001978 -0.000554 0.000127 -0.000242 -0.000647 -0.000333 -0.000789 0.000038 0.002250 0.000373 0.001158 0.000409 -0.000040 -0.001831 -0.000668 0.000227 0.000122 -0.000112 -0.000588 0.001194 0.000887 0.000984 0.000250 -0.000633 0.000509 0.000431 -0.000186 -0.000506 -0.000654 -0.000805 -0.000248 -0.000390 -0.001615 0.000203 0.000448 -0.000357 0.000749 -0.001708 0.000546 0.001652 0.000256 0.002356 -0.000209 0.000439 0.000344 -0.000549 -0.000055 -0.000635 -0.000101 0.001582 -0.000222 0.000480 0.000999 -0.000317 0.002171 -0.002430 0.000763 0.000379 -0.000415 0.000333 0.000628 -0.000868 -0.000928 0.002062 0.001008 0.000861 -0.001850 -0.000573 0.000085 -0.000118 -0.001506 0.000733 0.000279 -0.002240 -0.001478 -0.001041 -0.000663 -0.004592 -0.000819 -0.001487 -0.004890 -0.002837 -0.001237 -0.001818 -0.002197 -0.002728 -0.001819 -0.002552 -0.000939 -0.003737 -0.002951 -0.003751 -0.001602 -0.002721 -0.003137 -0.001354 -0.000978 -0.002286 -0.000879 -0.002399 -0.001265 0.000070 -0.000385 -0.000626 -0.001357 -0.001782 -0.000634 -0.000300 -0.000646 0.000546 -0.000062 -0.000300 -0.000198 -0.001109 -0.002002 -0.001271 -0.001425 -0.001421 -0.001440 -0.001055 -0.000818 -0.001047 -0.001540 -0.000050 -0.000530 -0.001220 -0.001099 -0.000042 -0.001574 -0.000174 0.000391 0.001368 -0.001533 0.000529 -0.001263 -0.000202 -0.000729 -0.001191 0.000157 -0.000066 0.001490 0.003071 0.001529 -0.000572 -0.000270 0.000109 -0.000303 0.000998 -0.002251 -0.003619 -0.002641 -0.002371 -0.004253 -0.001511 -0.003366 -0.003298 -0.002967 -0.003286 -0.002384 -0.001533 -0.002820 -0.001770 -0.004449 -0.003674 -0.002951 -0.004609 -0.002611 -0.002150 -0.003932 -0.002924 -0.003673 -0.003058 -0.003595 -0.001658 -0.000099 -0.000709 -0.004043 -0.002556 -0.001722 -0.002695 -0.002716 -0.002034 -0.002859 -0.000091 -0.001458 0.000436 -0.002133 -0.003417 -0.000015 -0.004088 -0.002519 -0.003404 -0.003364 -0.000164 -0.001874 -0.002876 -0.004853 -0.002882 0.000034 -0.000487 -0.000768 -0.000187 -0.001549 -0.000697 0.000877 0.001808 -0.000691 0.000143 -0.000032 0.000997 -0.000854 0.001219 0.000250 -0.000013 -0.001570 -0.000117 0.000608 0.000576 -0.000519 0.000199 0.001366 0.002875 0.001258 0.000966 0.001507 0.000779 0.002125 -0.000263 -0.000267 0.000518 -0.000962 -0.000770 -0.000172 -0.000704 0.000214 0.000257 -0.000863 0.000815 -0.000584 -0.000083 -0.001554 0.001658 -0.000551 0.000618 -0.000586 0.000335 0.001389 0.000829 0.000942 -0.000098 -0.001367 0.000447 0.000256 0.001082 0.000313 0.000339 -0.000014 0.001149 -0.001214 -0.000694 0.000631 0.000608 -0.000660 0.000536 0.000328 0.001887 -0.000633 0.000450 0.000969 0.000911 0.000718 -0.000894 -0.002631 0.000832 -0.000826 -0.000120 -0.001267 -0.002687 -0.000853 0.000076 -0.001070 -0.001563 -0.000765 -0.000070 -0.002083 -0.001556 0.000180 -0.001321 -0.000526 -0.001515 -0.002450 -0.001192 -0.002190 -0.000327 -0.002469 0.000470 -0.002401 -0.001870 0.000938 0.000447 0.001409 0.001470 -0.000391 -0.000390 0.000272 0.000059 -0.000112 -0.001545 0.000195 -0.000618 -0.001101 0.000071 -0.000394 -0.000283 0.000442 0.000449 0.001445 -0.000193 0.001363 -0.000563 -0.000354 0.001065 0.000940 -0.000325 0.001051 0.000952 -0.001699 -0.000399 0.001595 -0.001135 0.000941 -0.000434 0.000932 0.001047 0.000934 0.001628 0.001456 -0.000619 0.001305 -0.000240 -0.000170 -0.000378 -0.001740 0.000484 0.000269 -0.000608 -0.001023 0.000654 -0.001598 -0.003602 -0.001638 -0.002452 -0.003843 -0.000948 -0.001679 0.000456 -0.004481 -0.002438 -0.002145 -0.000651 -0.002091 -0.002997 -0.003340 -0.002265 -0.002656 -0.001952 -0.002051 -0.002811 -0.003500 -0.002398 -0.003615 -0.001579 -0.000723 0.001651 0.001078 -0.001412 0.000501 0.000759 -0.000154 -0.000344 -0.002214 -0.001295 0.000508 0.000042 -0.000312 -0.001834 -0.000184 -0.000700 0.001032 0.000517 -0.000772 0.000193 0.000034 -0.001218 -0.000430 0.001501 0.000231 0.000929 -0.004095 -0.003187 -0.003550 -0.004016 -0.004102 -0.005156 -0.004014 -0.003091 -0.004331 -0.004846 -0.002238 -0.005183 -0.005276 -0.005803 -0.003307 -0.001774 -0.003602 -0.003700 -0.004412 -0.001852 -0.003204 -0.003757 -0.004943 -0.004395 -0.005458 -0.006900 -0.007024 -0.007725 -0.006256 -0.001925 -0.005393 -0.005167 -0.005251 -0.004423 -0.008781 -0.008395 -0.003302 -0.003706 -0.007661 -0.009699 -0.006168 -0.004012 -0.003150 -0.006515 -0.007796 -0.003923 -0.008763 -0.005025 -0.004775 -0.008994 -0.004914 0.007109 0.002135 0.000164 0.001108 0.002718 0.000349 -0.005291 -0.002492 0.001252 -0.000052 -0.004533 0.001551 -0.000973 -0.003795 0.000611 0.001733 0.005139 -0.003474 -0.002983 0.001721 0.001764 -0.000767 -0.002254 0.000558 -0.003749 -0.003751 -0.004981 -0.002198 -0.004133 -0.003565 -0.002725 -0.001765 -0.003009 -0.004414 -0.003166 -0.003759 -0.002629 -0.004250 -0.005566 -0.003539 -0.000253 -0.003295 -0.003564 -0.003801 -0.004164 -0.003871 -0.001465 -0.001676 -0.002337 -0.009262 -0.004865 -0.006438 -0.005305 -0.004422 -0.007584 -0.008062 -0.007705 -0.005587 -0.008450 -0.009358 -0.010440 -0.008570 -0.007244 -0.006258 -0.006805 -0.008559 -0.010248 -0.007312 -0.006233 -0.006643 -0.007943 -0.007818 -0.007264 -0.007254 -0.001143 0.001317 -0.000732 -0.000974 0.001879 -0.003139 0.000299 -0.000393 0.000550 0.000196 -0.001020 -0.000594 -0.000372 -0.001086 -0.001154 0.002603 -0.000134 0.003697 -0.003003 0.000499 0.001322 0.000636 0.002002 -0.001100 0.001176 -0.003342 -0.000896 0.001313 -0.002043 0.003374 