<?xml version="1.0" encoding="utf-8"?>
<opencv_storage>
   <weights_conv2_16 type_id="opencv-matrix">
      <rows>64</rows>
      <cols>25</cols>
      <dt>f</dt>
      <data>-0.033918 -0.028274 -0.019288 -0.020324 -0.026346 -0.036092 -0.030575 -0.016688 -0.018659 -0.028463 -0.028310 -0.027638 -0.027609 -0.025959 -0.027479 -0.022289 -0.023931 -0.033277 -0.031957 -0.026338 -0.025611 -0.028221 -0.029258 -0.027602 -0.028078 -0.005506 -0.029216 -0.044907 -0.022640 -0.002053 -0.021113 0.000809 0.017392 0.005055 -0.018623 -0.031046 0.024828 0.062377 0.016576 -0.038725 -0.014398 0.012720 0.021894 -0.000646 -0.025914 -0.000861 -0.017965 -0.041299 -0.023657 -0.007298 -0.000634 0.010060 -0.002561 0.002353 0.014214 -0.014052 0.009919 0.010705 0.002433 0.010081 -0.020735 0.017012 0.021224 -0.000567 -0.000141 -0.015755 0.017689 0.010394 -0.007370 0.000657 -0.003529 0.011613 -0.003763 -0.007123 0.007557 0.023843 0.022307 0.024482 0.029743 0.023437 0.046238 0.052424 -0.016769 -0.003557 0.003957 0.049025 0.013063 -0.073385 0.011479 -0.016788 0.038162 0.009883 -0.017344 0.051905 -0.004944 0.024890 0.016622 -0.021669 -0.012369 -0.029852 0.004359 0.001741 -0.001008 0.002425 0.006884 0.002738 0.005081 0.003328 0.002807 0.001694 0.002779 0.011480 0.009051 0.003765 -0.002432 0.000820 0.009042 0.010413 0.001952 -0.003739 0.000848 -0.002023 -0.000153 0.004249 0.005443 0.010563 -0.035644 -0.067671 -0.036396 0.005955 -0.025833 0.018641 0.054016 0.018812 -0.032289 -0.061859 0.058541 0.140839 0.051165 -0.067649 -0.028882 0.027254 0.061955 0.020045 -0.033179 0.009478 -0.027328 -0.055546 -0.032914 0.005398 -0.002697 -0.025286 -0.076319 -0.049619 -0.003519 0.044368 0.012275 -0.081989 -0.001223 0.051562 0.030866 0.036162 -0.011804 0.050961 0.060429 -0.012028 -0.012886 -0.040611 -0.019837 -0.007318 0.012433 0.007227 -0.014521 -0.006189 0.022872 -0.019281 -0.040209 -0.053482 -0.037572 -0.017694 -0.036803 -0.016492 0.003669 -0.009084 -0.035792 -0.052035 0.002861 0.045497 0.007720 -0.050265 -0.032110 -0.011670 0.007353 -0.011429 -0.037804 -0.016029 -0.033595 -0.052432 -0.039704 -0.017529 0.010987 0.013218 0.014194 0.009629 0.010180 0.005839 0.005329 0.005929 0.003921 0.006224 0.000897 -0.004607 -0.002492 0.002103 0.002349 -0.000228 -0.004151 0.002227 0.006779 0.002531 0.004218 0.008752 0.012148 0.013988 0.010219 -0.000728 -0.036356 -0.056548 -0.036164 -0.004590 -0.031895 0.014955 0.047005 0.013419 -0.036935 -0.053444 0.044992 0.118285 0.041879 -0.059150 -0.026623 0.014611 0.044360 0.013931 -0.029172 0.002811 -0.030449 -0.056677 -0.031278 0.005018 0.010687 0.004853 0.003377 0.006295 -0.000467 0.000243 -0.010901 -0.014318 -0.010756 -0.015425 0.006332 -0.009641 -0.014831 -0.009048 -0.017418 0.009011 0.000357 -0.000508 0.008959 0.001658 0.028246 0.026529 0.025416 0.028346 0.017862 0.001291 -0.000694 0.000814 -0.000838 -0.001450 0.001274 -0.000430 -0.001359 0.000248 -0.000316 0.000633 0.001783 -0.000973 0.000291 -0.000346 -0.000176 0.001314 -0.000672 0.000975 -0.001078 -0.001182 -0.000119 -0.000089 0.000419 -0.002836 -0.000442 -0.000459 0.000282 0.002456 -0.000653 0.001984 -0.001340 0.000735 -0.000871 0.000006 -0.000298 0.001350 0.000983 0.001121 0.000908 0.000514 -0.000066 0.001116 0.000455 -0.000773 0.001369 -0.000008 0.001049 -0.000595 0.000448 -0.015403 -0.018368 -0.016411 -0.015116 -0.015042 -0.014542 -0.019019 -0.016592 -0.014708 -0.014825 -0.016738 -0.020274 -0.015932 -0.017929 -0.015947 -0.017839 -0.019306 -0.017929 -0.018141 -0.017294 -0.018189 -0.016537 -0.016120 -0.017475 -0.016050 -0.004614 -0.007174 -0.004877 -0.004186 -0.002858 -0.005811 -0.004733 -0.004088 -0.004218 -0.004839 -0.005555 -0.004607 -0.004571 -0.005686 -0.006174 -0.003148 -0.005776 -0.005431 -0.005854 -0.005541 -0.003521 -0.003264 -0.004654 -0.004989 -0.005671 -0.001072 0.000006 -0.001000 -0.001516 -0.000766 0.000436 -0.000961 -0.000056 0.001463 -0.000938 0.000292 -0.000081 -0.000879 0.000026 -0.000829 -0.000269 -0.001087 0.000374 0.001000 0.000104 0.000242 0.000768 0.000453 -0.002145 -0.000993 -0.006045 -0.011327 -0.017139 -0.016839 -0.014791 -0.009847 -0.009461 -0.006253 -0.005879 -0.011103 -0.015726 -0.010302 0.004555 -0.001578 -0.011829 -0.020360 -0.011613 -0.002764 -0.002365 -0.009794 -0.014640 -0.012254 -0.011830 -0.013158 -0.008680 -0.014401 -0.016166 -0.013743 -0.009685 -0.007400 -0.013758 -0.015044 -0.008452 -0.006035 -0.010602 -0.015321 -0.007599 -0.005612 -0.010940 -0.017967 -0.011240 -0.006491 -0.010887 -0.018572 -0.017638 -0.008337 -0.012023 -0.016055 -0.015846 -0.013306 0.000563 -0.001096 -0.002017 -0.001162 -0.000709 0.001045 0.000481 -0.000440 0.000000 0.000016 -0.000393 -0.001131 0.000679 0.000454 -0.001152 0.000435 -0.001887 0.000199 -0.001037 -0.000296 -0.000097 0.002353 -0.001532 -0.000401 0.000820 0.015998 -0.005013 -0.022269 -0.010727 0.011178 -0.001245 0.028390 0.041385 0.013296 -0.006312 -0.018937 0.046804 0.084633 0.035190 -0.021422 -0.000798 0.026859 0.045992 0.021484 -0.001483 0.018247 -0.002556 -0.017542 -0.004280 0.018817 -0.000103 0.000071 -0.001893 0.001222 -0.000585 0.001190 -0.000489 0.000133 -0.000306 -0.000514 -0.000986 -0.000775 -0.000504 -0.001065 -0.000892 -0.001133 -0.000628 0.000751 0.000286 0.000051 0.000100 0.001214 0.000300 -0.000268 0.000791 -0.025813 -0.023379 -0.017039 -0.013449 -0.016238 -0.025685 -0.024326 -0.017237 -0.014578 -0.020891 -0.023482 -0.022552 -0.023150 -0.024827 -0.024308 -0.021669 -0.018482 -0.019737 -0.026889 -0.027221 -0.019619 -0.019046 -0.016472 -0.021044 -0.022446 0.000165 -0.001185 -0.000017 0.000508 0.000155 0.000983 0.000771 -0.000449 -0.000675 -0.000318 0.000655 -0.000355 -0.001663 0.001863 0.000629 -0.001226 -0.000204 -0.001399 -0.000988 -0.000450 -0.000812 0.002309 -0.001653 0.001666 0.000067 0.001112 0.001896 -0.000211 -0.000097 -0.000579 -0.001516 -0.000353 -0.000272 -0.001179 0.000757 -0.000885 -0.000224 0.000355 -0.000643 -0.000920 -0.001629 -0.000382 -0.002861 -0.000744 0.000252 -0.000348 -0.000720 -0.001788 0.001129 0.000056 -0.015880 -0.009479 -0.001685 -0.002175 -0.009062 -0.014583 -0.012760 -0.005704 0.000372 -0.002278 -0.010207 -0.013256 -0.010584 -0.006423 -0.006455 -0.008709 -0.005723 -0.006104 -0.010880 -0.012661 -0.008191 -0.006426 -0.002086 -0.007792 -0.017391 -0.001390 0.000385 -0.000040 -0.000413 -0.000118 -0.001350 0.000021 -0.001452 -0.000407 -0.000299 0.000731 -0.000075 0.000701 0.000278 -0.000610 -0.000609 0.001686 0.000523 0.000474 0.000687 -0.000523 0.000864 0.000206 -0.002168 -0.001103 -0.004437 -0.022810 -0.035396 -0.019378 -0.002530 -0.021806 0.005969 0.026530 0.007146 -0.021826 -0.028238 0.026788 0.064073 0.018804 -0.037505 -0.010135 0.010099 0.018034 0.002061 -0.016899 0.002881 -0.019186 -0.037826 -0.023150 0.000625 0.034942 0.042398 0.041082 0.023633 0.030719 0.005797 -0.010556 -0.002073 0.014282 0.029599 -0.011187 0.001639 0.004002 -0.010360 0.028368 -0.009975 0.021172 0.015587 -0.018510 0.031635 0.000244 -0.005634 -0.010136 -0.007486 0.035831 -0.003616 -0.000488 0.000129 0.000004 0.001078 -0.001107 0.004673 -0.001749 -0.001579 0.002574 0.002033 0.003008 -0.004228 -0.000122 0.002236 0.002889 -0.002133 -0.006499 0.000593 0.000602 -0.001346 -0.002901 0.000068 -0.000314 -0.000673 -0.003749 -0.010957 -0.012123 -0.006934 -0.004668 -0.010342 0.004789 0.014237 -0.000453 -0.015403 -0.012849 0.010143 0.026236 0.004111 -0.019269 -0.008845 -0.002210 0.006948 0.001551 -0.006961 -0.006842 -0.014177 -0.014108 -0.005527 0.002831 0.020068 -0.035846 -0.078789 -0.033375 0.016483 -0.026965 0.045287 0.092291 0.045421 -0.028939 -0.071206 0.095191 0.206510 0.092559 -0.072180 -0.023432 0.053378 0.104415 0.053196 -0.027467 0.024663 -0.020545 -0.070071 -0.026525 0.026854 -0.015438 -0.000227 -0.019205 0.001760 0.001850 -0.015975 0.011274 -0.032797 -0.000951 0.012728 -0.015062 0.022452 -0.040844 -0.010873 0.015946 -0.016532 0.019815 -0.030993 -0.014470 0.009187 -0.018374 0.003897 -0.013034 -0.001989 0.002686 0.005060 -0.009491 -0.019729 -0.004727 0.008299 -0.006187 0.016815 0.030890 0.012225 -0.008649 -0.010033 0.034621 0.055408 