<?xml version="1.0" encoding="utf-8"?>
<opencv_storage>
   <weights_conv2_2 type_id="opencv-matrix">
      <rows>64</rows>
      <cols>25</cols>
      <dt>f</dt>
      <data>-0.027504 -0.029273 -0.025149 -0.026854 -0.027701 -0.024131 -0.017042 -0.004685 -0.007660 -0.020220 -0.024055 -0.012268 -0.009255 -0.008889 -0.017519 -0.023790 -0.014857 -0.018099 -0.020900 -0.020683 -0.018569 -0.011656 -0.011981 -0.016326 -0.023229 -0.019922 -0.017934 -0.025168 -0.002268 0.007639 -0.023675 -0.012209 -0.000237 0.000001 -0.006491 -0.028800 0.004450 0.036152 0.009160 -0.015458 -0.012253 0.000765 0.009862 -0.000819 -0.005792 -0.007174 -0.018276 -0.034803 -0.018694 -0.006791 -0.039600 -0.000193 -0.010123 0.002138 -0.010168 -0.061184 0.013607 -0.007368 -0.035167 -0.030357 -0.051056 0.058061 0.024652 -0.036600 -0.043691 -0.040529 0.052098 0.016120 -0.024233 -0.032055 -0.027977 0.025011 -0.017975 -0.017025 -0.029000 0.016512 0.023620 0.017555 0.052143 0.038290 0.051268 0.019467 -0.054937 -0.010368 0.006642 0.051867 -0.023034 -0.085935 0.009336 0.015595 0.054467 0.002907 -0.015457 0.068088 0.045049 0.034380 0.019710 -0.007415 0.020159 0.004837 0.013992 0.011364 -0.004380 -0.007186 0.025150 0.014160 0.020966 -0.006668 -0.023369 0.029510 0.025170 0.035208 0.022218 -0.012779 0.037008 -0.000932 -0.013741 -0.010980 -0.027713 0.011269 0.009969 -0.007293 -0.009044 -0.013528 0.010989 -0.014541 -0.023576 -0.045650 -0.022137 -0.020656 -0.008832 0.007626 0.018561 -0.000395 -0.035394 -0.033316 0.030635 0.086508 0.016953 -0.053281 -0.013718 0.011463 0.032522 0.004702 -0.023371 -0.001661 -0.016055 -0.038286 -0.024305 -0.014742 0.017102 -0.033997 -0.202016 -0.101564 0.019724 0.065080 0.059247 -0.182323 -0.033088 0.065006 0.063844 0.100081 0.038954 0.087402 0.061174 0.013995 0.000707 -0.031333 -0.032785 0.016205 0.020969 0.023901 0.017788 0.006466 0.043036 -0.027602 -0.032034 -0.035875 -0.024524 -0.014852 -0.032158 -0.018859 -0.006996 -0.012965 -0.028559 -0.035787 -0.000509 0.032612 0.004078 -0.030856 -0.028532 -0.011243 0.002051 -0.008337 -0.020463 -0.022080 -0.029668 -0.043838 -0.033457 -0.023509 0.004842 0.005830 0.006795 0.007304 0.008345 -0.000595 0.003905 0.000454 -0.003571 -0.001536 -0.004080 -0.009579 -0.012494 -0.012285 -0.012141 0.004694 0.003000 0.006057 0.007884 0.001313 0.004993 0.010031 0.015851 0.015696 0.011312 -0.027178 -0.032217 -0.049046 -0.029744 -0.022201 -0.024824 -0.002642 0.016308 -0.002605 -0.029848 -0.040817 0.014754 0.069229 0.013636 -0.035419 -0.025931 -0.002822 0.015138 0.001426 -0.012326 -0.015413 -0.026021 -0.041383 -0.027975 -0.014567 0.029710 0.023563 0.031314 0.034240 0.018656 0.014066 0.004346 0.007163 0.015851 0.006901 -0.010981 -0.032289 -0.030464 -0.010118 -0.011622 0.004891 -0.012498 -0.005634 0.017536 0.010480 0.022400 0.019169 0.024338 0.034398 0.019409 -0.001039 -0.001147 -0.000362 -0.000531 -0.001047 -0.000549 -0.001036 -0.000098 -0.000350 -0.001615 0.000807 -0.000716 0.002001 0.000146 0.000738 0.000817 0.000876 -0.000635 0.000721 0.000016 -0.001459 -0.000421 -0.000516 0.000913 -0.000955 0.000562 0.000087 -0.001375 0.000091 -0.000047 0.001444 -0.000069 -0.001830 -0.002723 -0.000183 0.000214 -0.000288 -0.000629 -0.000776 0.000869 0.000366 -0.000568 -0.001727 -0.001271 0.000721 0.000628 0.000061 -0.001712 -0.000430 0.000416 -0.012567 -0.013180 -0.011321 -0.011421 -0.012593 -0.012479 -0.011547 -0.009370 -0.008399 -0.011857 -0.015166 -0.006323 -0.005684 -0.006245 -0.008525 -0.017264 -0.011100 -0.008311 -0.008599 -0.011259 -0.012645 -0.013199 -0.012162 -0.013530 -0.011103 -0.001687 -0.004779 -0.003675 -0.005439 -0.004413 -0.004001 -0.000081 -0.003017 -0.002653 -0.003593 -0.005277 -0.001305 -0.000197 -0.004277 -0.003771 -0.006631 -0.004795 -0.003610 -0.001380 -0.002961 -0.002778 -0.003752 -0.005209 -0.002194 -0.003942 -0.000726 0.000470 -0.001321 0.000917 -0.001449 0.000652 0.000458 0.000435 -0.001757 0.000294 0.000380 -0.001236 -0.000174 -0.000719 -0.001733 0.000589 0.000851 0.000787 -0.001076 -0.000359 -0.000381 0.000421 0.000489 0.000769 -0.000916 -0.009141 -0.009790 -0.013124 -0.015706 -0.017192 -0.006774 -0.003728 -0.005887 -0.011052 -0.013198 -0.009916 -0.003891 0.004753 0.000888 -0.009825 -0.016225 -0.009824 -0.000691 -0.002169 -0.010835 -0.014096 -0.013961 -0.012219 -0.010975 -0.009960 -0.021154 -0.020346 -0.017712 -0.009707 -0.000983 -0.020654 -0.016353 -0.008764 0.000835 0.001329 -0.020859 -0.009888 -0.000500 0.001324 -0.002170 -0.013448 -0.005264 -0.004956 -0.007555 -0.006061 -0.009145 -0.006607 -0.014656 -0.011275 -0.006174 0.000158 0.001529 -0.000914 -0.000715 -0.000086 -0.001053 0.001058 0.000724 -0.000332 -0.001873 0.000540 -0.000289 0.000485 -0.000578 0.000817 -0.000729 0.000058 0.001460 0.000438 0.000299 0.000694 0.000346 0.000579 0.001385 -0.000496 0.035618 0.006451 -0.013435 0.004026 0.006445 0.054345 0.008797 0.008901 -0.006025 0.016856 0.050506 0.005030 0.043924 -0.010356 -0.013670 0.050231 -0.012794 -0.023072 -0.028133 -0.003209 0.055291 0.044095 0.041419 0.043352 0.035395 -0.000107 -0.001370 0.000193 0.000369 0.000163 0.000570 -0.001531 -0.000741 -0.000399 0.001635 0.000419 0.001899 -0.000939 -0.001093 -0.000608 -0.001349 -0.001186 0.000247 -0.001106 -0.000557 0.000338 0.001369 0.001486 -0.001643 0.000278 -0.022963 -0.023500 -0.016885 -0.013520 -0.013219 -0.023721 -0.016670 -0.009879 -0.003013 -0.012320 -0.022756 -0.013398 -0.010052 -0.008795 -0.013527 -0.019888 -0.008223 -0.011532 -0.012020 -0.016795 -0.010909 -0.006317 -0.006220 -0.009969 -0.016306 -0.000760 0.000486 0.000227 -0.000315 -0.000160 0.000903 -0.000541 -0.001295 -0.000429 0.000948 0.000644 0.000226 -0.000254 -0.001085 0.000642 -0.001746 -0.002601 -0.000947 0.000651 -0.000627 0.000825 -0.000297 -0.000195 -0.000262 0.001874 -0.000134 0.001832 -0.002058 0.001086 0.001609 0.000058 -0.000066 0.000704 0.000978 -0.000078 -0.000002 0.000730 0.003327 -0.000310 -0.000145 0.001170 0.000640 -0.000137 0.000549 0.001307 0.000547 -0.000551 -0.000246 -0.002888 0.001086 -0.010232 -0.003148 0.008030 0.005124 -0.003728 -0.005757 -0.005108 -0.001615 0.001884 -0.008488 0.000666 -0.004033 -0.008736 -0.009114 -0.008780 -0.002142 -0.000580 -0.003338 -0.012555 -0.014666 -0.006795 -0.002966 0.003026 -0.004728 -0.014377 -0.000777 -0.000075 -0.000701 -0.000547 0.000896 -0.001201 0.001205 0.000136 -0.000071 0.000206 0.000322 0.001346 0.001158 -0.000235 -0.000195 0.000677 -0.000601 0.001284 0.001337 0.001963 -0.003287 -0.000465 0.000339 0.000910 0.000636 -0.013739 -0.019053 -0.027392 -0.014472 -0.011832 -0.016081 -0.002642 0.008048 -0.005285 -0.020271 -0.020706 0.010999 0.038829 0.005654 -0.020606 -0.011589 -0.001133 0.002270 -0.007453 -0.012156 -0.010028 -0.021013 -0.034420 -0.027205 -0.019575 0.037935 0.102370 0.098894 0.031557 0.009276 -0.021965 -0.045346 -0.017194 0.002921 0.004761 -0.064961 -0.051861 -0.049474 -0.042584 0.056599 -0.079722 -0.008977 -0.028892 -0.061943 0.077193 -0.066707 -0.081587 -0.067523 -0.038423 0.033278 -0.011628 -0.045367 -0.022706 0.032083 0.039980 0.003706 0.004305 -0.028374 0.017077 0.056519 0.042036 0.025922 -0.107991 -0.013059 0.064005 0.052643 -0.005792 -0.106811 0.020350 0.063828 0.037517 0.004035 -0.021107 0.031538 0.016077 -0.002830 -0.002610 -0.007394 -0.008213 -0.015888 -0.004834 0.002604 0.005496 -0.005604 -0.017580 -0.007710 0.005073 0.014047 -0.003197 -0.013446 -0.010593 -0.006624 -0.001860 -0.002791 -0.004336 -0.012348 -0.015193 -0.011818 -0.008516 -0.008220 -0.032218 -0.058883 -0.084846 -0.037200 -0.027451 -0.014706 -0.054706 0.002382 -0.030283 -0.045185 -0.053673 -0.019436 0.126665 0.009654 -0.068343 -0.048506 -0.099053 -0.034278 -0.065232 -0.061351 -0.020666 -0.056895 -0.074419 -0.033076 -0.027589 0.002729 0.015228 -0.035881 -0.027457 -0.013260 0.011399 0.066976 -0.054323 -0.041682 0.022448 0.018579 0.093726 -0.077921 -0.060002 0.032122 0.014879 0.072374 -0.063778 -0.053345 0.013472 0.007371 0.047738 -0.017919 -0.019252 -0.011112 -0.031347 -0.042833 -0.054409 -0.037340 -0.022918 -0.042094 -0.051062 -0.042792 -0.044049 -0.033971 -0.011952 