<?xml version="1.0" encoding="utf-8"?>
<opencv_storage>
   <weights_conv2_24 type_id="opencv-matrix">
      <rows>64</rows>
      <cols>25</cols>
      <dt>f</dt>
      <data>-0.030285 -0.028031 -0.016646 -0.017595 -0.023114 -0.031161 -0.025224 -0.011814 -0.015526 -0.025043 -0.021941 -0.022696 -0.018732 -0.019377 -0.023082 -0.014110 -0.017997 -0.026107 -0.025164 -0.020557 -0.017147 -0.018781 -0.022226 -0.023375 -0.022447 -0.003173 -0.024730 -0.035432 -0.014247 0.003813 -0.015468 0.002582 0.019494 0.009661 -0.009540 -0.028499 0.023660 0.057302 0.019025 -0.030227 -0.014688 0.012670 0.020522 0.001342 -0.021655 -0.003736 -0.019201 -0.036586 -0.023293 -0.005901 -0.006102 0.006362 -0.007481 -0.001627 0.014428 -0.015884 0.005186 0.005561 -0.003818 0.008632 -0.022135 0.015824 0.019482 -0.008635 -0.001574 -0.016683 0.013907 0.008510 -0.012505 0.001879 -0.009485 0.009728 -0.003978 -0.005987 0.007812 0.022114 0.030848 0.031412 0.039576 0.033044 0.051841 0.059292 -0.018263 0.000668 0.013912 0.049326 0.011880 -0.078073 0.011929 -0.005030 0.041964 0.018895 -0.012853 0.060903 0.008199 0.029643 0.026615 -0.015823 -0.003194 -0.025941 0.003976 -0.003217 -0.000868 0.002595 0.002997 0.002218 0.005387 0.002301 0.001444 0.004857 0.000828 0.010317 0.007805 0.000925 -0.004590 0.000054 0.005444 0.007732 0.001046 -0.002283 0.000590 -0.003175 -0.001556 0.000429 0.000013 0.009371 -0.033976 -0.062495 -0.029565 0.004698 -0.021830 0.015060 0.046225 0.017925 -0.027491 -0.052849 0.048492 0.125140 0.044037 -0.058362 -0.024316 0.024532 0.055366 0.017949 -0.030495 0.003870 -0.023211 -0.052859 -0.030454 0.000584 -0.003826 -0.028384 -0.087868 -0.051497 -0.004255 0.046210 0.013883 -0.088189 -0.003175 0.058802 0.034214 0.038423 -0.013836 0.051211 0.070018 -0.016052 -0.015976 -0.046821 -0.019111 -0.005283 0.011140 0.003715 -0.019700 -0.006281 0.026203 -0.013908 -0.032977 -0.045602 -0.028481 -0.012454 -0.030941 -0.013865 0.007284 -0.004061 -0.027671 -0.043709 0.004446 0.045653 0.008717 -0.041763 -0.027986 -0.007929 0.007300 -0.011342 -0.029403 -0.016478 -0.032834 -0.046553 -0.036063 -0.016759 0.007957 0.008419 0.010201 0.008658 0.006140 0.005957 0.005072 0.004995 0.005667 0.003955 0.000971 -0.003963 -0.001716 -0.000698 -0.000871 -0.001237 0.000803 0.001878 0.004077 0.004279 0.006238 0.008854 0.012819 0.013380 0.010842 0.000038 -0.032903 -0.053123 -0.030179 -0.006929 -0.028592 0.010975 0.039187 0.010227 -0.028854 -0.049930 0.034272 0.102669 0.036189 -0.052742 -0.021932 0.015313 0.040208 0.012641 -0.023962 -0.001590 -0.028393 -0.051227 -0.029964 0.003071 0.018229 0.012166 0.013858 0.017190 0.007943 0.004391 -0.008487 -0.007666 -0.003546 -0.007794 0.003640 -0.011682 -0.015791 -0.006498 -0.015152 0.011926 -0.001228 -0.001192 0.011480 0.006029 0.025281 0.023176 0.023227 0.029594 0.017292 -0.001990 0.000313 0.000150 0.000301 -0.001325 0.000190 -0.001140 0.001245 -0.000721 -0.001253 0.000616 0.000805 0.000584 -0.001391 -0.000420 -0.000610 -0.000875 -0.000665 0.001679 -0.000702 -0.001102 -0.000492 -0.000989 0.001074 -0.000886 0.000679 -0.000549 -0.000489 -0.000166 -0.002380 -0.000241 0.000842 -0.000924 -0.001290 0.000107 0.000678 -0.000757 0.000744 -0.000967 -0.000158 0.000738 0.002018 0.000356 0.001346 -0.001801 -0.000352 -0.000869 -0.001417 0.000160 -0.000002 -0.014954 -0.014297 -0.010891 -0.011851 -0.012026 -0.011614 -0.012938 -0.011735 -0.013503 -0.011187 -0.012705 -0.013026 -0.012550 -0.011385 -0.012185 -0.016194 -0.015427 -0.014253 -0.013794 -0.013055 -0.013546 -0.014926 -0.012837 -0.013410 -0.013132 -0.005040 -0.006076 -0.005900 -0.002461 -0.004050 -0.003706 -0.004481 -0.004027 -0.003788 -0.004118 -0.002997 -0.004438 -0.004827 -0.004995 -0.005626 -0.002773 -0.005298 -0.002920 -0.004534 -0.004337 -0.002588 -0.004623 -0.003105 -0.004476 -0.005645 -0.000019 0.000342 -0.001255 0.000810 -0.000911 0.000110 -0.001380 -0.001246 -0.001111 -0.000388 -0.000773 0.000644 0.001773 0.001168 -0.000469 -0.000227 -0.001008 0.001182 0.001460 0.000793 -0.000222 -0.000953 -0.000631 -0.000619 -0.000493 -0.002269 -0.011005 -0.012988 -0.017410 -0.011066 -0.007286 -0.004141 -0.002452 -0.006326 -0.012410 -0.013697 -0.006176 0.001687 -0.001478 -0.011423 -0.017071 -0.011148 -0.002711 -0.003992 -0.009590 -0.013397 -0.011289 -0.012627 -0.011697 -0.005983 -0.014196 -0.015620 -0.011743 -0.008578 -0.002096 -0.013352 -0.010780 -0.005751 -0.001887 -0.005629 -0.014452 -0.007465 -0.003507 -0.004413 -0.012188 -0.010558 -0.006050 -0.007502 -0.011953 -0.011315 -0.007690 -0.008107 -0.012710 -0.013069 -0.011057 -0.001077 -0.002739 0.001176 -0.000334 0.001089 0.001453 -0.002488 -0.000422 0.001508 -0.001088 0.000287 -0.000145 -0.000721 0.000864 0.001147 0.000424 -0.000031 -0.000631 0.002074 0.000092 -0.000142 -0.000247 -0.000025 0.000181 -0.000447 0.012473 -0.008360 -0.023559 -0.011355 0.011293 -0.005199 0.019382 0.031997 0.009537 -0.006262 -0.018778 0.035549 0.070617 0.025137 -0.021936 -0.000528 0.019923 0.034027 0.014468 -0.003817 0.010959 -0.003510 -0.020528 -0.009328 0.012692 -0.000839 0.000045 0.000303 -0.001455 -0.000772 -0.001391 -0.000542 0.000088 -0.001476 -0.000433 -0.000840 0.001404 -0.000065 0.002143 0.000013 -0.001031 -0.000113 -0.002074 -0.000747 -0.002503 0.000811 0.000284 0.000848 0.001926 -0.000048 -0.023105 -0.021550 -0.014605 -0.010028 -0.014883 -0.022192 -0.020723 -0.011918 -0.012346 -0.016713 -0.017962 -0.016533 -0.014713 -0.018420 -0.017254 -0.015905 -0.011532 -0.014957 -0.020261 -0.020415 -0.015404 -0.014315 -0.011458 -0.016798 -0.017774 0.000140 0.001030 0.000404 0.001599 -0.000174 0.001421 -0.000515 0.000267 0.000557 0.000104 0.000789 -0.000680 -0.000147 0.000783 -0.000745 -0.000154 0.000073 -0.001709 -0.000913 0.001812 0.000358 -0.000145 -0.001617 -0.002419 0.000605 -0.001319 -0.000137 -0.000104 -0.000198 0.000372 -0.000569 -0.001032 -0.000698 -0.000016 0.000752 0.000753 -0.001557 -0.000804 -0.000535 -0.001316 -0.000980 -0.000208 0.000768 0.000371 -0.000067 0.000762 0.000650 -0.000500 0.001755 -0.000186 -0.013116 -0.009078 0.001756 -0.000440 -0.008234 -0.012032 -0.011331 -0.001793 0.000782 -0.003703 -0.010074 -0.009124 -0.006964 -0.005052 -0.006216 -0.009913 -0.003469 -0.005747 -0.010003 -0.012420 -0.008844 -0.005274 -0.000224 -0.009831 -0.016297 0.001249 0.000362 0.000356 -0.000838 -0.000123 -0.001261 0.000344 -0.001648 0.000219 -0.000796 0.000142 -0.000610 -0.000043 0.000478 -0.001952 -0.000422 -0.001204 0.002367 0.000690 0.000220 -0.001132 0.000973 -0.000638 -0.000758 -0.000555 -0.003828 -0.023132 -0.032123 -0.014206 -0.000133 -0.021942 0.004931 0.022658 0.005242 -0.019143 -0.026250 0.021053 0.054787 0.013198 -0.030668 -0.009587 0.006327 0.014957 -0.000910 -0.016572 -0.000018 -0.018937 -0.035480 -0.021545 -0.004801 0.031736 0.045456 0.045074 0.021121 0.021762 0.005191 -0.009610 -0.000589 0.012091 0.025627 -0.019058 -0.004330 -0.000215 -0.010429 0.029571 -0.012158 0.015817 0.011107 -0.018997 0.033493 -0.003497 -0.011457 -0.013656 -0.009533 0.029572 -0.003692 0.000684 -0.000746 0.000399 0.001174 -0.001534 0.003904 -0.002111 -0.004981 0.002074 0.004105 0.000819 -0.006412 -0.001660 0.005436 0.002397 -0.002671 -0.008540 0.001550 0.003106 0.000240 -0.002671 -0.000130 0.001367 -0.000046 -0.002838 -0.009524 -0.009876 -0.007460 -0.007328 -0.006465 0.004497 0.009205 -0.000569 -0.013952 -0.010678 0.008956 0.022262 0.001820 -0.015786 -0.007408 -0.000074 0.005585 -0.000389 -0.006622 -0.005991 -0.014424 -0.016219 -0.005499 -0.001194 0.015898 -0.035175 -0.071025 -0.027465 0.017487 -0.027551 0.032800 0.075530 0.036980 -0.023600 -0.067708 0.072974 0.175356 0.076620 -0.066559 -0.025303 0.039486 0.082933 0.040026 -0.025048 0.012942 -0.025223 -0.068643 -0.031396 0.016621 -0.014222 0.004942 -0.022070 -0.001256 0.003252 -0.012899 0.016091 -0.030522 -0.004604 0.015368 -0.013904 0.023082 -0.040033 -0.019591 0.013528 -0.016553 0.019259 -0.032141 -0.017891 0.009027 -0.015594 0.008054 -0.009324 -0.003050 0.003695 0.002185 -0.010353 -0.016130 -0.004234 0.005496 -0.010153 0.009864 0.025365 0.006400 -0.006752 -0.012108 0.026808 