<?xml version="1.0" encoding="utf-8"?>
<opencv_storage>
   <weights_conv2_6 type_id="opencv-matrix">
      <rows>64</rows>
      <cols>25</cols>
      <dt>f</dt>
      <data>-0.034082 -0.029465 -0.020477 -0.019791 -0.029091 -0.037879 -0.031879 -0.019626 -0.020638 -0.030638 -0.030129 -0.030836 -0.030211 -0.029076 -0.029304 -0.027252 -0.029172 -0.034711 -0.036979 -0.028851 -0.027434 -0.028025 -0.034521 -0.033208 -0.029445 -0.004455 -0.030117 -0.046036 -0.025799 -0.004171 -0.020265 0.001249 0.014242 0.004451 -0.021361 -0.031461 0.023329 0.060365 0.014538 -0.041231 -0.015594 0.011435 0.021031 -0.002352 -0.027481 -0.001340 -0.020423 -0.038835 -0.027326 -0.006614 0.000861 0.011163 0.002673 0.003380 0.015612 -0.012349 0.011335 0.014648 0.005035 0.013806 -0.019339 0.015210 0.025576 0.003235 0.007737 -0.014463 0.014796 0.011853 -0.004492 0.007475 -0.003518 0.012513 -0.001153 -0.004192 0.009138 0.027005 0.022226 0.024846 0.031469 0.021336 0.049435 0.051691 -0.015658 -0.000267 0.002915 0.055618 0.016426 -0.068861 0.014668 -0.015131 0.043675 0.012053 -0.016158 0.051994 -0.011817 0.027052 0.013307 -0.021416 -0.009627 -0.032235 0.004045 -0.000561 -0.000748 0.004317 0.007543 0.004375 0.004598 0.004941 0.001864 0.003837 0.005752 0.013331 0.012419 0.000835 -0.002465 0.001583 0.008336 0.012587 0.005603 -0.001029 0.000698 -0.000657 0.000882 0.005560 0.004312 0.009716 -0.035102 -0.064314 -0.033715 0.003426 -0.025578 0.017550 0.055445 0.021547 -0.030807 -0.058996 0.053889 0.140272 0.052890 -0.063053 -0.031960 0.023059 0.063685 0.021163 -0.034651 0.005743 -0.028723 -0.053960 -0.031697 0.004664 -0.003514 -0.023924 -0.074379 -0.044754 -0.005001 0.040587 0.011258 -0.078648 -0.002451 0.048293 0.028492 0.034740 -0.013383 0.051115 0.058348 -0.010938 -0.009330 -0.038158 -0.015494 -0.007242 0.011035 0.009532 -0.011167 -0.006249 0.021060 -0.020646 -0.043018 -0.056082 -0.039422 -0.022061 -0.037460 -0.018527 0.003758 -0.010124 -0.038063 -0.052765 -0.000282 0.043473 0.003712 -0.051242 -0.035841 -0.013184 0.003566 -0.014677 -0.037828 -0.018162 -0.035305 -0.051646 -0.041593 -0.019154 0.011196 0.013629 0.013200 0.011150 0.011116 0.005402 0.004415 0.005071 0.005857 0.005611 0.000811 -0.001253 0.000715 0.003754 0.002773 -0.000170 -0.002305 0.000924 0.006098 0.004052 0.004460 0.008333 0.012336 0.013452 0.010530 0.001703 -0.033825 -0.053726 -0.031027 -0.006125 -0.026767 0.014607 0.052420 0.015006 -0.036418 -0.051392 0.043047 0.117811 0.043810 -0.058860 -0.028158 0.014579 0.043135 0.012710 -0.028969 0.000022 -0.030873 -0.053763 -0.032405 0.003946 0.009584 0.001630 0.003118 0.005635 0.000226 0.002846 -0.013439 -0.013937 -0.008673 -0.013604 0.004690 -0.008233 -0.013373 -0.010243 -0.019740 0.009184 0.001115 -0.001410 0.008972 0.001548 0.026493 0.027514 0.026998 0.029937 0.018350 0.000121 0.002305 -0.001068 -0.000107 -0.000583 -0.000372 -0.000146 -0.000701 -0.001133 -0.000161 -0.000359 0.001608 -0.001151 0.000719 -0.000470 -0.001318 0.002834 0.000520 -0.000271 -0.000531 -0.000148 0.000353 -0.000815 0.000876 -0.000399 0.000097 -0.000217 -0.001915 -0.000006 -0.000323 -0.000389 -0.001073 0.000166 0.000845 -0.001214 -0.000273 -0.001280 -0.001255 -0.001359 0.000775 -0.000806 -0.000532 0.000658 0.001364 -0.001755 -0.001335 0.000543 -0.000882 -0.000507 -0.001233 -0.019435 -0.019742 -0.019147 -0.014926 -0.017235 -0.015833 -0.019112 -0.019449 -0.016449 -0.017514 -0.016304 -0.017794 -0.020327 -0.019621 -0.018665 -0.018070 -0.020246 -0.017426 -0.016707 -0.017684 -0.021119 -0.018483 -0.018651 -0.017811 -0.016977 -0.006506 -0.005641 -0.004419 -0.003636 -0.006197 -0.004887 -0.006667 -0.004732 -0.004465 -0.004342 -0.006356 -0.003904 -0.005624 -0.005471 -0.006064 -0.004929 -0.005892 -0.006361 -0.006703 -0.005145 -0.005315 -0.005501 -0.005713 -0.005141 -0.004609 -0.001371 -0.001206 0.001197 0.000553 0.001209 -0.001157 0.000553 -0.001035 -0.000121 -0.000274 -0.000064 -0.000796 0.001812 -0.000766 0.001103 -0.000487 -0.000759 0.000226 -0.000240 0.000485 -0.000365 0.000413 -0.000048 0.001063 -0.001313 -0.005802 -0.012118 -0.016900 -0.016288 -0.013991 -0.010698 -0.007706 -0.006388 -0.007109 -0.011086 -0.018339 -0.009255 0.002955 -0.001719 -0.013795 -0.017783 -0.012390 -0.003581 -0.004700 -0.009743 -0.014368 -0.013348 -0.015303 -0.012705 -0.009227 -0.014186 -0.014629 -0.014183 -0.010948 -0.010264 -0.012973 -0.012013 -0.007215 -0.006885 -0.012555 -0.011641 -0.009889 -0.006226 -0.011919 -0.018611 -0.011312 -0.008529 -0.010840 -0.018347 -0.018228 -0.007797 -0.010129 -0.016958 -0.018997 -0.013917 0.000389 -0.001250 0.001971 0.000959 0.001227 -0.000328 -0.001332 0.001763 -0.000714 0.000213 0.001684 -0.000858 0.000094 0.000396 0.000706 0.000557 -0.000009 -0.000535 -0.000938 0.000929 -0.002394 -0.000614 -0.001268 -0.001028 0.000274 0.017863 -0.001965 -0.016793 -0.007212 0.013437 -0.000330 0.028786 0.047236 0.017899 -0.003095 -0.014758 0.049164 0.087671 0.039122 -0.018369 -0.000500 0.029378 0.047053 0.025048 0.001153 0.018339 -0.000088 -0.015342 -0.003904 0.021373 0.000264 -0.000277 -0.001749 -0.000097 0.000464 -0.001942 -0.000025 -0.000753 -0.001363 0.000269 0.000431 -0.000857 0.001702 -0.000328 0.000945 -0.000573 -0.000161 -0.000524 0.000536 -0.000697 -0.001888 -0.000514 0.000689 -0.000653 0.000654 -0.024804 -0.024483 -0.017698 -0.013141 -0.018002 -0.026330 -0.024773 -0.019274 -0.016183 -0.024494 -0.023199 -0.022546 -0.024141 -0.027685 -0.026737 -0.022971 -0.021057 -0.025365 -0.029421 -0.026462 -0.020621 -0.018623 -0.019968 -0.023882 -0.024877 -0.000563 -0.000184 0.001386 -0.000263 -0.000340 0.001117 -0.000750 -0.000956 0.000295 -0.000093 -0.000066 -0.000095 -0.000106 0.000493 -0.000982 -0.000613 -0.000919 0.000101 -0.001825 -0.000042 0.000387 -0.000188 0.000338 -0.000023 -0.000080 0.000812 -0.000214 -0.000722 -0.000313 -0.001306 -0.000249 -0.000398 -0.001641 -0.001928 -0.001101 -0.000495 0.000697 -0.001479 0.001334 -0.000885 0.000080 -0.000382 -0.001520 -0.000060 0.000472 -0.000450 0.000433 0.000075 0.000788 -0.000189 -0.015259 -0.009698 -0.001838 -0.002873 -0.006704 -0.016053 -0.015314 -0.005782 -0.001174 -0.005300 -0.014082 -0.012846 -0.008731 -0.007457 -0.004982 -0.011759 -0.008802 -0.007018 -0.009976 -0.012603 -0.010177 -0.004395 -0.002998 -0.009054 -0.013684 -0.000383 -0.000519 0.000062 0.000842 -0.001158 0.000580 -0.002228 0.000406 0.000559 0.000897 -0.000408 0.000703 -0.000194 -0.000530 0.000717 -0.001006 -0.000920 0.000347 0.000124 -0.001565 -0.000294 -0.000209 -0.002038 -0.000019 -0.000419 -0.004055 -0.024471 -0.032496 -0.017433 -0.001326 -0.022264 0.008169 0.028232 0.006869 -0.022001 -0.030938 0.026268 0.063793 0.019977 -0.033908 -0.011976 0.008009 0.020474 0.002770 -0.016236 0.000938 -0.020220 -0.034805 -0.019898 0.000970 0.034956 0.042384 0.040193 0.024579 0.037283 0.007157 -0.005072 0.001741 0.014034 0.034712 -0.010005 0.007418 0.007527 -0.004708 0.032926 -0.006596 0.022892 0.020944 -0.012373 0.036987 -0.001170 -0.004965 -0.006444 -0.004408 0.037609 -0.002169 -0.000568 0.002391 -0.000742 0.000948 -0.000729 0.004963 -0.001854 -0.002663 0.001312 0.002039 0.003393 -0.005436 0.000732 0.003469 0.002822 -0.004066 -0.005184 0.003554 0.000338 -0.000837 -0.002330 -0.000474 0.001632 -0.000763 -0.003594 -0.010769 -0.010130 -0.007606 -0.004304 -0.006647 0.004537 0.014435 -0.001029 -0.014170 -0.012005 0.011872 0.026104 0.004245 -0.017682 -0.008969 0.000618 0.008277 0.002471 -0.006256 -0.004617 -0.015154 -0.012294 -0.003570 0.004130 0.024279 -0.032988 -0.072742 -0.029578 0.018278 -0.021519 0.049486 0.098778 0.051157 -0.025341 -0.066885 0.100694 0.214685 0.098852 -0.068221 -0.021931 0.055401 0.109396 0.056994 -0.023663 0.025434 -0.018368 -0.061764 -0.023494 0.028029 -0.013256 0.000587 -0.020528 0.001504 0.003191 -0.014434 0.010788 -0.032972 -0.002064 0.013112 -0.013824 0.019278 -0.039357 -0.014152 0.016388 -0.017015 0.016718 -0.032368 -0.013967 0.008448 -0.016779 0.002288 -0.013438 -0.002902 0.005702 0.006570 -0.006665 -0.014218 -0.003444 0.009952 -0.001986 0.022448 0.034090 0.012425 -0.004759 -0.008701 0.036591 0.058455 