<?xml version="1.0" encoding="utf-8"?>
<opencv_storage>
   <weights_conv2_27 type_id="opencv-matrix">
      <rows>64</rows>
      <cols>25</cols>
      <dt>f</dt>
      <data>-0.013399 -0.010223 0.000581 -0.026064 -0.014965 -0.001371 0.004888 0.012987 -0.004541 -0.003450 -0.006074 0.001641 0.001220 -0.017464 -0.015860 -0.006531 0.010574 0.012319 -0.011295 -0.014392 -0.007241 0.013925 0.029028 0.002339 -0.014474 0.011197 0.024470 -0.002931 0.013312 0.037875 -0.004713 -0.001994 0.004387 0.014848 -0.011703 -0.011774 -0.010212 0.019149 0.015604 -0.033048 0.006458 0.003410 -0.001795 -0.013590 -0.025526 0.014395 0.003174 -0.027471 -0.030846 0.013434 -0.061690 0.002471 -0.026890 0.054780 -0.019777 -0.059477 -0.001023 -0.047622 0.006693 -0.036996 -0.034272 0.044104 -0.017958 -0.050040 -0.042434 -0.046629 0.047868 -0.033919 -0.016520 -0.036438 -0.040363 0.039657 -0.036578 0.046862 -0.034762 0.011196 0.024130 0.020033 0.050423 0.035428 0.045754 0.015595 -0.053151 -0.008368 0.007655 0.044890 -0.024424 -0.083966 0.008042 0.013761 0.048886 -0.000698 -0.014778 0.065255 0.043038 0.028572 0.016673 -0.007727 0.023577 0.006197 0.067288 0.005430 0.030372 -0.003865 -0.076419 0.050981 -0.040996 -0.025223 0.009084 -0.032338 0.117809 0.009128 0.053485 -0.007359 0.002507 0.084309 -0.080696 -0.005526 -0.011556 -0.083532 0.051253 -0.024646 -0.021493 -0.003709 -0.125198 -0.015872 0.019511 -0.009191 -0.003173 -0.012686 0.003819 -0.018539 -0.015779 -0.007485 -0.082939 -0.000505 -0.031725 0.008053 -0.001829 -0.130652 0.008279 0.031535 0.034930 0.009675 -0.041364 0.002265 0.028756 -0.016399 -0.010736 0.033460 -0.026558 0.003223 -0.196282 -0.012797 0.057209 -0.017012 0.003066 -0.285630 -0.036036 0.041545 -0.008284 -0.002444 0.025256 0.070151 0.027151 -0.024753 -0.059469 -0.077695 -0.043229 0.026904 -0.001732 -0.022156 -0.054601 -0.016742 0.020677 0.015910 0.032042 0.011195 -0.008730 0.000861 0.009416 0.000566 0.003834 0.002799 -0.024042 0.012195 -0.010276 0.010746 0.005570 -0.039500 0.023881 0.021209 0.019359 -0.002457 -0.017092 0.024498 0.034240 0.008817 -0.018947 0.013503 -0.027149 0.002978 0.004098 -0.015976 0.006403 -0.032524 -0.004603 -0.009494 -0.031253 -0.001740 -0.039033 -0.026171 -0.036915 -0.046399 -0.025191 -0.014718 0.001276 0.002400 -0.005613 -0.002867 -0.019634 -0.006839 -0.001679 0.000157 0.000161 -0.002063 0.055654 0.037654 0.009604 0.050214 -0.007866 0.005232 0.018838 -0.000997 -0.025166 -0.015280 -0.012681 0.042863 0.015790 -0.045337 0.004321 0.040154 0.070049 0.041883 0.020806 -0.004051 0.026103 0.013276 -0.008333 0.042393 0.031981 0.033555 0.035299 0.039576 0.024710 0.017877 0.006359 0.011007 0.014465 0.007891 -0.012197 -0.033934 -0.030244 -0.008488 -0.007157 0.003125 -0.014099 -0.005992 0.016713 0.012615 0.019696 0.017807 0.021576 0.030290 0.022010 -0.000143 -0.001271 -0.000640 0.000289 0.001325 -0.002360 0.000016 -0.001595 -0.000720 0.001904 0.000428 -0.000097 0.000120 0.000739 -0.000996 -0.001140 0.000112 0.001649 0.001575 0.000540 0.000653 0.000831 -0.000503 -0.000310 0.001272 0.000427 -0.000300 -0.000054 0.001319 -0.000895 -0.000003 0.001997 0.000350 -0.000829 -0.001104 0.001254 -0.001104 -0.000926 0.000456 -0.000819 0.000309 -0.000442 0.000131 0.000472 0.000818 0.000741 0.000235 -0.001418 0.001469 0.001427 0.020398 0.001906 -0.004352 -0.010577 -0.019027 0.027431 0.008865 0.002807 0.003967 0.001595 0.027366 0.008605 0.005523 0.003817 0.002794 0.020944 0.009439 0.012001 0.010339 0.008324 0.024665 0.014660 0.014535 0.014639 0.020922 0.018830 0.009963 0.011445 0.011361 0.013058 0.023044 0.010484 0.009551 0.006378 0.009237 0.018517 0.005584 0.004457 0.005169 0.004314 0.015291 0.004129 0.007188 0.009339 0.010835 0.020712 0.008441 0.010335 0.013588 0.014336 0.000663 -0.001999 -0.000779 0.000113 0.000615 -0.001155 0.001002 0.001713 -0.000256 0.000945 0.000761 0.000983 0.001024 0.001228 -0.000872 0.000528 -0.000227 -0.000439 0.001445 0.001416 0.000717 -0.000671 -0.000013 0.000932 -0.000415 -0.025229 0.001673 0.005309 -0.035309 -0.039600 -0.012274 0.011963 0.008408 -0.030474 -0.031636 -0.009332 0.014501 0.012333 -0.017096 -0.033562 -0.023159 0.005087 0.013612 -0.008736 -0.032349 -0.017437 -0.003759 0.002502 -0.028405 -0.045586 -0.040307 0.003177 0.015986 0.016022 0.025753 -0.045220 0.015780 -0.022678 0.024763 0.053931 -0.056433 -0.011512 -0.066178 0.021761 0.051601 -0.024147 0.005533 -0.030486 -0.015661 -0.016827 -0.010221 0.012679 0.014264 -0.012286 -0.026870 0.000101 -0.002076 -0.001400 -0.001140 0.000130 -0.000608 0.000399 -0.000613 -0.000809 0.000470 -0.002115 0.000927 -0.000536 0.001606 -0.000719 0.001607 -0.000601 0.000496 0.001267 0.001288 0.000599 -0.001330 -0.000807 -0.000797 -0.000129 0.008903 -0.000014 -0.013655 -0.004707 -0.002130 0.022318 -0.005685 -0.000127 -0.027729 0.002969 0.021534 -0.007757 0.041858 -0.024372 -0.019382 0.019206 -0.024359 -0.022813 -0.031896 -0.004422 0.007044 0.024130 0.029136 0.026265 0.013863 0.010084 -0.000987 -0.025637 0.002120 -0.010439 0.005274 0.010420 -0.025596 -0.007750 -0.007765 0.009590 0.015413 -0.039091 -0.019868 -0.012422 0.006914 0.006308 -0.045608 -0.017602 -0.006088 0.005946 0.010638 -0.032586 -0.006741 -0.003648 -0.016184 0.032014 0.026649 0.029169 0.022044 0.026246 0.011064 0.003135 0.010608 0.040967 0.045869 0.013747 0.034040 0.033435 0.049848 0.008483 -0.009507 0.007097 0.023181 0.016993 0.010036 -0.017955 0.015158 0.028772 0.032898 0.000252 -0.000301 -0.000812 0.000100 0.001307 -0.000205 -0.003312 -0.000437 -0.000893 -0.001064 -0.001200 0.001475 0.000193 -0.000041 0.002330 0.000162 -0.000096 -0.000224 -0.000929 0.000884 -0.000162 -0.001434 -0.000862 -0.001099 -0.001651 0.001412 -0.001904 -0.000862 0.000785 0.001196 -0.000600 -0.002405 -0.002752 -0.000191 0.002359 -0.000865 -0.003425 -0.000965 -0.000143 0.002261 0.000476 -0.001835 -0.001923 0.000691 0.001940 0.000511 -0.001834 -0.000534 -0.000606 0.000311 -0.000582 0.003547 -0.017262 -0.007247 -0.004709 0.001278 0.009170 0.000179 0.013696 0.010042 0.005455 0.019989 -0.003722 -0.003849 -0.014189 -0.026645 0.015029 -0.006517 -0.022593 -0.047749 -0.043852 0.022431 0.020873 -0.011547 -0.044488 0.000306 -0.000751 0.001484 -0.001239 -0.001005 0.001588 -0.001317 0.000971 0.000513 -0.001039 0.000371 0.000808 -0.000340 0.000928 0.000376 0.002045 -0.000149 0.001512 0.000803 -0.000217 0.000969 0.000441 -0.001143 -0.000351 0.000395 0.000714 0.021023 0.006280 0.000452 0.012798 -0.009563 -0.005042 0.005257 0.001916 -0.023736 -0.011068 -0.012742 0.011972 0.000116 -0.038624 0.006703 0.019778 0.012697 -0.006236 -0.015700 -0.003677 0.024046 -0.003016 -0.018194 0.009274 0.007891 0.088247 0.065177 -0.036331 -0.001788 -0.016231 -0.048976 -0.033231 -0.027428 -0.044289 -0.044876 -0.038013 -0.043246 -0.060449 0.045276 -0.063244 -0.006699 -0.028163 -0.078974 0.084463 -0.010955 -0.051987 -0.025253 -0.024246 -0.014753 0.041894 0.029737 0.061587 0.089754 0.042061 0.036375 -0.009933 0.011689 0.044841 -0.006200 0.015895 0.008176 -0.071953 0.042384 0.083003 -0.021124 0.034905 -0.060042 0.060514 0.099524 0.016588 0.063022 0.045405 0.087086 -0.004396 -0.003395 0.009471 0.022623 0.019919 -0.001737 -0.008368 -0.003572 0.004089 -0.011502 -0.032616 -0.000237 0.009796 0.009227 -0.017675 -0.030253 0.003252 0.019473 0.024392 0.013038 0.003249 0.007295 0.018325 0.014164 0.007019 0.013238 -0.080304 -0.034998 -0.137698 -0.044120 -0.006657 0.004388 -0.124243 -0.084252 -0.020051 -0.009841 -0.028575 -0.152421 0.023261 -0.031240 -0.063460 -0.047540 -0.142426 -0.110096 -0.100693 -0.024786 -0.060399 -0.023303 -0.083198 -0.006291 0.021759 -0.043675 0.039879 -0.156096 -0.084485 -0.039544 -0.055375 0.165138 -0.213621 -0.143193 0.004698 -0.058441 0.160314 -0.255736 -0.160064 0.046759 -0.073448 0.022232 -0.233137 -0.110065 0.037979 -0.113463 -0.047637 -0.139689 -0.035648 -0.058464 -0.009852 0.041306 0.034324 -0.068932 0.060782 -0.032407 -0.075835 -0.076455 -0.069245 -0.014038 0.000735 -0.047111 0.042808 0.097080 -0.027510 0.001760 0.022765 0.163900 0.169630 -0.023761 0.011022 -0.073174 -0.077793 -0.016084 